NAV_TIMEUTC 298860000 11 88840 2016 10 19 11 0 43 7
RXM_RAW 298860001 1919 11 0
 -6098531.528 21205876.637 -1739.323 28 7 46 0
 -7801774.427 22599798.145 2868.265 19 7 45 0
 -1413102.302 22850902.555 -1141.908 15 7 45 0
 -695969.520 23214642.729 -111.442 1 7 42 0
 24333593.283 38852252.030 -614.079 138 6 47 2
 -9710817.262 21545161.185 1279.481 17 7 48 0
 -3029374.717 22812010.784 -3375.750 4 7 47 0
 2396793.647 23264224.539 -2209.748 11 7 46 0
 -2921091.003 21987441.177 -2594.195 13 7 50 0
 21509286.983 38819798.411 -623.877 133 6 40 2
 -2186481.770 22697879.624 -3713.002 30 7 44 0
NAV_POSLLH 298920000 -1218478323 507471369 350861 366982 3055 5815
NAV_TIMEUTC 298920000 11 65396 2016 10 19 11 1 43 7
RXM_RAW 298920001 1919 11 0
 -5993665.209 21225831.240 -1756.348 28 7 46 0
 -7973229.217 22567173.654 2846.427 19 7 47 0
 -1343416.977 22864164.389 -1181.070 15 7 46 0
 -688074.997 23216145.629 -152.555 1 7 42 0
 24370465.948 38859268.256 -614.476 138 6 47 2
 -9786654.596 21530730.204 1248.826 17 7 48 0
 -2826142.827 22850686.592 -3398.786 4 7 48 0
 2530568.617 23289681.876 -2248.968 11 7 46 0
 -2764368.551 22017262.988 -2630.031 13 7 49 0
 21546782.443 38826933.945 -625.324 133 6 41 2
 -1963123.999 22740383.346 -3732.043 30 7 44 0
NAV_POSLLH 298980000 -1218478570 507471180 349371 365492 2929 5645
NAV_TIMEUTC 298980000 11 41953 2016 10 19 11 2 43 7
RXM_RAW 298980001 1919 11 0
 -5887765.217 21245985.037 -1773.638 28 7 47 0
 -8143322.207 22534801.808 2823.426 19 7 43 0
 -1271405.566 22877866.946 -1219.344 15 7 46 0
 -677706.691 23218118.708 -192.920 1 7 42 0
 24407353.328 38866288.252 -614.704 138 6 47 2
 -9860632.463 21516650.374 1217.784 17 7 47 0
 -2621523.639 22889624.327 -3421.669 4 7 48 0
 2666676.478 23315583.008 -2287.675 11 7 46 0
 -2605493.703 22047493.955 -2665.375 13 7 48 0
 21584326.227 38834078.117 -625.271 133 6 41 2
 -1738651.827 22783100.467 -3750.208 30 7 47 0
NAV_POSLLH 299040000 -1218478449 507471152 348462 364583 2923 5428
NAV_TIMEUTC 299040000 10 18524 2016 10 19 11 3 43 7
RXM_RAW 299040001 1919 11 0
 -5780882.602 21266323.877 -1789.424 28 7 46 0
 -8312079.093 22502687.945 2801.636 19 7 42 0
 -1197122.190 22892002.006 -1256.932 15 7 45 0
 -664903.534 23220554.828 -233.571 1 7 43 0
 24444220.491 38873303.536 -614.190 138 6 47 2
 -9932787.516 21502919.339 1187.228 17 7 47 0
 -2415583.879 22928811.391 -3443.024 4 7 47 0
 2805057.716 23341915.596 -2325.177 11 7 45 0
 -2444530.555 22078126.399 -2700.029 13 7 48 0
 21621870.459 38841222.009 -624.831 133 6 42 2
 -1513122.743 22826015.788 -3767.378 30 7 46 0
NAV_POSLLH 299100000 -1218478391 507471193 345027 361148 2999 5577
NAV_TIMEUTC 299100000 11 -4891 2016 10 19 11 4 43 7
RXM_RAW 299100001 1919 11 0
 -5673008.753 21286851.842 -1806.138 28 7 47 0
 -8479466.386 22470836.586 2778.241 19 7 41 0
 -1120560.179 22906571.053 -1295.095 15 7 45 0
 -649645.468 23223457.305 -275.389 1 7 43 0
 24481070.503 38880315.906 -614.327 138 6 47 2
 -10003097.234 21489541.147 1156.098 17 7 47 0
 -2208330.414 22968249.808 -3465.597 4 7 47 0
 2945712.224 23368680.583 -2363.461 11 7 45 0
 -2281484.392 22109152.205 -2734.872 13 7 47 0
 21659429.947 38848369.426 -627.125 133 6 42 2
 -1286535.132 22869132.414 -3785.464 30 7 45 0
NAV_POSLLH 299160000 -1218478714 507471253 347259 363380 3508 11759
NAV_TIMEUTC 299160000 18 -28331 2016 10 19 11 5 43 7
RXM_RAW 299160001 1919 11 0
 -5564118.600 21307575.354 -1823.559 28 7 48 0
 -8645434.244 22439254.851 2753.740 19 7 44 0
 -1041698.368 22921576.356 -1333.895 15 7 45 0
 -631896.492 23226835.598 -316.687 1 7 43 0
 24517941.858 38887332.621 -614.946 138 6 47 2
 -10071523.818 21476516.304 1123.976 17 7 46 0
 -1999754.572 23007940.887 -3487.595 4 7 47 0
 3088655.881 23395883.064 -2401.721 11 7 46 0
 -2116343.768 22140575.650 -2770.167 13 7 46 0
 21697032.872 38855524.836 -627.085 133 6 42 2
 -1058871.089 22912457.832 -3803.680 30 7 46 0
NAV_POSLLH 299220000 -1218478609 507471289 346712 362833 3028 7377
NAV_TIMEUTC 299220000 12 -51801 2016 10 19 11 6 43 7
RXM_RAW 299220001 1919 12 0
 -5454183.367 21328493.611 -1841.219 28 7 47 0
 -8809929.037 22407954.604 2728.833 19 7 46 0
 -960510.718 22937026.378 -1372.566 15 7 45 0
 -611616.938 23230696.214 -359.042 1 7 44 0
 24554866.904 38894358.864 -616.161 138 6 47 2
 -10138025.463 21463867.461 1091.897 17 7 48 0
 -1789843.418 23047885.534 -3509.833 4 7 45 0
 3233908.138 23423523.476 -2440.363 11 7 45 0
 -1949093.960 22172403.154 -2805.372 13 7 47 0
 21734713.495 38862695.706 -628.805 133 6 42 2
 -830108.681 22955989.145 -3822.048 30 7 44 0
 171455.092 24129146.797 2742.239 24 5 42 1
NAV_POSLLH 299280000 -1218478687 507471293 347362 363483 3710 7667
NAV_TIMEUTC 299280000 12 -75286 2016 10 19 11 7 43 7
RXM_RAW 299280001 1919 12 0
 -5343234.769 21349607.222 -1857.843 28 7 47 0
 -8972958.053 22376933.492 2704.534 19 7 48 0
 -877033.092 22952911.625 -1411.094 15 7 45 0
 -588828.422 23235032.454 -400.986 1 7 44 0
 24591813.122 38901389.627 -616.757 138 6 47 2
 -10202620.746 21451572.387 1060.041 17 7 47 0
 -1578644.972 23088076.230 -3530.820 4 7 46 0
 3381427.549 23451595.728 -2477.843 11 7 45 0
 -1779780.653 22204626.378 -2839.448 13 7 48 0
 21772446.330 38869875.406 -630.248 133 6 42 2
 -600286.903 22999722.532 -3839.743 30 7 44 0
 7216.915 24097889.793 2730.955 24 7 41 0
NAV_POSLLH 299340000 -1218478435 507471336 347879 364000 2679 5031
NAV_TIMEUTC 299340000 9 -98803 2016 10 19 11 8 43 7
RXM_RAW 299340001 1919 12 0
 -5231255.970 21370914.444 -1875.759 28 7 47 0
 -9134479.602 22346194.811 2678.416 19 7 47 0
 -791252.544 22969237.700 -1449.674 15 7 46 0
 -563504.009 23239850.755 -443.938 1 7 44 0
 24628810.192 38908429.411 -617.556 138 6 47 2
 -10265280.486 21439649.264 1027.383 17 7 47 0
 -1366158.015 23128509.519 -3553.216 4 7 45 0
 3531221.413 23480099.664 -2516.414 11 7 45 0
 -1608402.032 22237236.280 -2874.162 13 7 47 0
 21810253.483 38877070.288 -631.889 133 6 42 2
 -369395.784 23043659.406 -3858.374 30 7 42 0
 -156324.411 24066769.895 2718.889 24 7 41 0
NAV_POSLLH 299400000 -1218478528 507471255 348337 364458 2712 5061
NAV_TIMEUTC 299400000 9 -122361 2016 10 19 11 9 43 7
RXM_RAW 299400001 1919 12 0
 -5118229.101 21392423.059 -1892.648 28 7 47 0
 -9294451.532 22315752.488 2652.902 19 7 47 0
 -703156.140 22986001.234 -1487.396 15 7 45 0
 -535616.857 23245156.285 -486.682 1 7 43 0
 24665876.936 38915483.435 -618.629 138 6 47 2
 -10325974.302 21428098.197 994.768 17 7 47 0
 -1152381.581 23169189.292 -3573.730 4 7 44 0
 3683296.282 23509039.315 -2554.014 11 7 45 0
 -1434955.161 22270239.981 -2908.442 13 7 47 0
 21848156.418 38884282.812 -632.516 133 6 41 2
 -137425.237 23087801.721 -3875.488 30 7 42 0
 -319129.134 24035789.022 2706.779 24 7 41 0
NAV_POSLLH 299460000 -1218478517 507471323 350034 366155 2819 5734
NAV_TIMEUTC 299460000 10 -145955 2016 10 19 11 10 43 7
RXM_RAW 299460001 1919 12 0
 -5004177.919 21414124.447 -1909.112 28 7 46 0
 -9452874.098 22285605.282 2627.388 19 7 46 0
 -612772.819 23003199.278 -1525.264 15 7 45 0
 -505182.164 23250948.152 -529.086 1 7 44 0
 24702995.277 38922546.131 -619.189 138 6 47 2
 -10384714.483 21416920.390 962.625 17 7 47 0
 -937356.112 23210109.023 -3593.868 4 7 45 0
 3837617.751 23538404.594 -2590.396 11 7 44 0
 -1259479.224 22303631.025 -2941.194 13 7 47 0
 21886137.212 38891508.947 -633.716 133 6 42 2
 95593.420 23132143.893 -3892.684 30 7 43 0
 -481199.895 24004949.462 2694.415 24 7 41 0
NAV_POSLLH 299520000 -1218478489 507471342 350472 366593 2733 5122
NAV_TIMEUTC 299520000 9 -169575 2016 10 19 11 11 43 7
RXM_RAW 299520001 1919 12 0
 -4889115.031 21436019.863 -1926.884 28 7 46 0
 -9609735.339 22255755.428 2600.608 19 7 46 0
 -520120.229 23020831.293 -1563.643 15 7 45 0
 -472203.729 23257222.796 -570.983 1 7 44 0
 24740156.172 38929618.460 -620.098 138 6 47 2
 -10441501.320 21406113.453 929.695 17 7 47 0
 -721110.593 23251257.177 -3614.922 4 7 42 0
 3994162.534 23568194.768 -2628.079 11 7 44 0
 -1082002.090 22337403.793 -2974.894 13 7 47 0
 21924188.406 38898750.665 -635.414 133 6 42 2
 329640.128 23176681.386 -3909.509 30 7 44 0
 -642527.286 23974247.915 2682.550 24 7 41 0
NAV_POSLLH 299580000 -1218478546 507471200 348802 364923 2667 5548
NAV_TIMEUTC 299580000 9 -193254 2016 10 19 11 12 43 7
RXM_RAW 299580001 1919 12 0
 -4772997.409 21458119.831 -1944.247 28 7 47 0
 -9764968.440 22226215.926 2573.630 19 7 47 0
 -425161.347 23038902.790 -1601.814 15 7 46 0
 -436630.953 23263992.975 -614.997 1 7 44 0
 24777411.764 38936707.314 -621.532 138 6 47 2
 -10496280.635 21395689.461 896.035 17 7 47 0
 -503618.905 23292648.221 -3635.384 4 7 44 0
 4152961.914 23598414.811 -2665.075 11 7 44 0
 -902496.727 22371563.519 -3008.374 13 7 47 0
 21962356.792 38906013.900 -637.110 133 6 41 2
 564750.087 23221423.011 -3926.958 30 7 45 0
 -803045.990 23943705.061 2668.299 24 7 42 0
NAV_POSLLH 299640000 -1218478676 507471421 349082 365204 2728 5354
NAV_TIMEUTC 299640000 9 -217006 2016 10 19 11 13 43 7
RXM_RAW 299640001 1919 12 0
 -4655801.921 21480419.953 -1962.126 28 7 46 0
 -9918526.625 22196994.804 2545.094 19 7 47 0
 -327878.902 23057412.620 -1640.536 15 7 45 0
 -398433.205 23271262.351 -658.507 1 7 44 0
 24814782.209 38943818.557 -623.401 138 6 47 2
 -10549018.468 21385655.551 862.346 17 7 48 0
 -284874.686 23334271.824 -3655.720 4 7 43 0
 4314027.836 23629062.733 -2702.958 11 7 44 0
 -720956.171 22406110.413 -3042.384 13 7 48 0
 22000670.502 38913304.531 -639.752 133 6 42 2
 800938.650 23266369.520 -3945.248 30 7 46 0
 -962710.296 23913319.538 2653.700 24 7 41 0
NAV_POSLLH 299700000 -1218478435 507471214 351347 367468 2944 5018
NAV_TIMEUTC 299700000 9 -240824 2016 10 19 11 14 43 7
RXM_RAW 299700001 1919 12 0
 -4537557.425 21502920.054 -1979.660 28 7 45 0
 -10070415.350 22168088.850 2517.179 19 7 46 0
 -228308.275 23076365.057 -1679.157 15 7 47 0
 -357632.354 23279026.773 -702.070 1 7 45 0
 24852250.721 38950949.030 -625.814 138 6 47 2
 -10599732.937 21376003.259 827.982 17 7 48 0
 -64923.915 23376127.480 -3676.073 4 7 43 0
 4477318.845 23660134.486 -2740.606 11 7 43 0
 -537425.390 22441032.312 -3075.941 13 7 46 0
 22039106.016 38920618.755 -641.898 133 6 41 2
 1038168.993 23311511.436 -3962.637 30 7 44 0
 -1121526.862 23883101.223 2639.339 24 7 43 0
NAV_POSLLH 299760000 -1218478426 507471328 352992 369113 2695 5488
NAV_TIMEUTC 299760000 9 -264730 2016 10 19 11 15 43 7
RXM_RAW 299760001 1919 12 0
 -4418224.824 21525628.040 -1998.168 28 7 45 0
 -10220572.405 22139519.214 2487.762 19 7 48 0
 -126417.427 23095751.865 -1717.634 15 7 45 0
 -314182.977 23287295.419 -747.022 1 7 44 0
 24889856.133 38958105.225 -628.170 138 6 47 2
 -10648373.686 21366746.268 793.215 17 7 48 0
 156255.469 23418216.498 -3697.150 4 7 45 0
 4642861.922 23691636.858 -2777.635 11 7 43 0
 -351881.771 22476342.549 -3109.553 13 7 47 0
 22077706.754 38927964.528 -644.937 133 6 41 2
 1276472.082 23356859.822 -3980.867 30 7 45 0
 -1279435.034 23853052.314 2623.576 24 7 43 0
NAV_POSLLH 299820000 -1218478406 507471400 356334 372455 2781 4957
NAV_TIMEUTC 299820000 9 -288745 2016 10 19 11 16 43 7
RXM_RAW 299820001 1919 12 0
 -4297780.606 21548546.562 -2016.741 28 7 45 0
 -10368951.014 22111281.952 2458.242 19 7 48 0
 -22190.299 23115587.353 -1756.403 15 7 46 0
 -268055.601 23296071.867 -791.179 1 7 45 0
 24927630.474 38965293.598 -630.643 138 6 47 2
 -10694907.525 21357891.225 757.886 17 7 47 0
 378669.320 23460540.344 -3717.045 4 7 46 0
 4810668.288 23723573.531 -2815.268 11 7 45 0
 -164318.972 22512036.132 -3142.948 13 7 47 0
 22116500.076 38935347.052 -647.783 133 6 41 2
 1515863.218 23402414.733 -3998.575 30 7 46 0
 -1436389.034 23823183.754 2607.755 24 7 43 0
NAV_POSLLH 299880000 -1218478625 507471480 352285 368406 2629 5871
NAV_TIMEUTC 299880000 10 -312846 2016 10 19 11 17 43 7
RXM_RAW 299880001 1919 12 0
 -4176235.710 21571676.477 -2034.110 28 7 44 0
 -10515538.836 22083387.761 2428.303 19 7 48 0
 84355.156 23135857.806 -1794.411 15 7 45 0
 -219255.325 23305358.785 -835.218 1 7 45 0
 24965566.280 38972512.456 -633.316 138 6 47 2
 -10739335.012 21349436.001 723.216 17 7 47 0
 602290.017 23503093.572 -3736.757 4 7 46 0
 4980714.088 23755928.433 -2852.077 11 7 43 0
 25235.223 22548105.365 -3175.465 13 7 46 0
 22155481.138 38942764.320 -650.658 133 6 41 2
 1756323.524 23448172.676 -4016.811 30 7 44 0
 -1592377.054 23793498.333 2592.077 24 7 42 0
NAV_POSLLH 299940000 -1218478532 507471335 351909 368030 2639 4809
NAV_TIMEUTC 299940000 8 -337022 2016 10 19 11 18 43 7
RXM_RAW 299940001 1919 12 0
 -4053655.100 21595004.626 -2051.185 28 7 45 0
 -10660378.524 22055824.096 2399.458 19 7 48 0
 193145.571 23156562.524 -1831.833 15 7 46 0
 -167842.307 23315143.245 -878.719 1 7 46 0
 25003605.197 38979750.580 -634.356 138 6 47 2
 -10781711.817 21341373.477 689.007 17 7 47 0
 827035.324 23545861.403 -3754.709 4 7 47 0
 5152921.155 23788698.982 -2888.616 11 7 43 0
 216698.439 22584541.472 -3206.931 13 7 46 0
 22194590.620 38950207.326 -652.764 133 6 42 2
 1997779.534 23494120.077 -4032.287 30 7 45 0
 -1747442.561 23763990.032 2576.989 24 7 42 0
NAV_POSLLH 300000000 -1218478580 507471383 346451 362572 2766 5589
NAV_TIMEUTC 300000000 9 -361262 2016 10 19 11 19 43 7
RXM_RAW 300000001 1919 12 0
 -3930024.245 21618531.080 -2069.071 28 7 44 0
 -10803432.637 22028604.478 2369.742 19 7 48 0
 304187.515 23177691.701 -1868.872 15 7 45 0
 -113797.217 23325426.204 -923.131 1 7 45 0
 25041759.107 38987011.738 -636.678 138 6 47 2
 -10822014.157 21333706.130 654.635 17 7 48 0
 1052902.460 23588843.104 -3773.504 4 7 48 0
 5327290.964 23821879.978 -2924.124 11 7 42 0
 410068.259 22621337.420 -3238.599 13 7 45 0
 22233844.948 38957678.114 -655.668 133 6 42 2
 2240237.398 23540257.562 -4048.946 30 7 45 0
 -1901547.946 23734664.627 2559.796 24 7 42 0
NAV_POSLLH 300060000 -1218478465 507471457 350589 366710 3193 5828
NAV_TIMEUTC 300060000 10 -385588 2016 10 19 11 20 43 7
RXM_RAW 300060001 1919 12 0
 -3805360.321 21642252.783 -2086.245 28 7 45 0
 -10944697.018 22001720.882 2339.725 19 7 47 0
 417453.946 23199246.577 -1906.037 15 7 46 0
 -57134.093 23336209.601 -965.972 1 7 45 0
 25080025.750 38994293.225 -638.608 138 6 47 2
 -10860250.828 21326428.604 620.150 17 7 47 0
 1279855.531 23632028.973 -3791.507 4 7 44 0
 5503791.177 23855465.226 -2959.638 11 7 43 0
 605308.258 22658495.233 -3269.732 13 7 48 0
 22273232.921 38965172.825 -658.153 133 6 42 2
 2483670.319 23586581.504 -4064.903 30 7 43 0
 -2054688.984 23705522.467 2544.415 24 7 43 0
NAV_POSLLH 300120000 -1218478648 507471230 349589 365710 2834 4996
NAV_TIMEUTC 300120000 9 -409956 2016 10 19 11 21 43 7
RXM_RAW 300120001 1919 12 0
 -3679697.526 21666165.916 -2101.802 28 7 45 0
 -11084182.929 21975174.197 2310.150 19 7 46 0
 532902.870 23221214.097 -1941.404 15 7 45 0
 2117.048 23347485.897 -1008.330 1 7 46 0
 25118365.552 39001589.388 -639.677 138 6 47 2
 -10896445.491 21319541.527 586.935 17 7 47 0
 1507842.967 23675415.798 -3807.748 4 7 45 0
 5682374.519 23889452.107 -2993.365 11 7 44 0
 802367.150 22695990.202 -3299.026 13 7 47 0
 22312724.564 38972687.499 -658.587 133 6 42 2
 2728036.178 23633082.425 -4079.477 30 7 40 0
 -2206876.905 23676562.697 2529.213 24 7 43 0
NAV_POSLLH 300180000 -1218478583 507471413 352741 368863 3923 7514
NAV_TIMEUTC 300180000 13 -434353 2016 10 19 11 22 43 7
RXM_RAW 300180001 1919 12 0
 -3553082.348 21690255.907 -2118.268 28 7 43 0
 -11221914.845 21948967.565 2280.667 19 7 48 0
 650478.146 23243589.464 -1977.079 15 7 46 0
 63913.407 23359245.407 -1050.917 1 7 46 0
 25156743.979 39008892.007 -639.859 138 6 47 2
 -10930637.381 21313034.480 553.262 17 7 47 0
 1736801.198 23718983.809 -3824.058 4 7 42 0
 5862980.750 23923817.746 -3026.529 11 7 42 0
 1001180.296 22733821.820 -3327.660 13 7 46 0
 22352277.397 38980214.250 -659.306 133 6 42 2
 2973280.185 23679751.654 -4095.203 30 7 34 0
 -2358134.856 23647779.365 2513.583 24 7 43 0
NAV_POSLLH 300240000 -1218478623 507471441 354801 370922 4325 8228
NAV_TIMEUTC 300240000 15 -458772 2016 10 19 11 23 43 7
RXM_RAW 300240001 1919 12 0
 -3425522.351 21714535.337 -2134.138 28 7 46 0
 -11357878.804 21923095.331 2251.300 19 7 48 0
 770162.185 23266363.988 -2012.282 15 7 45 0
 128249.356 23371487.398 -1093.393 1 7 46 0
 25195153.819 39016201.205 -640.761 138 6 47 2
 -10962825.506 21306908.773 519.411 17 7 47 0
 1966704.429 23762732.762 -3839.750 4 7 40 0
 6045587.738 23958569.505 -3059.930 11 7 44 0
 1201721.010 22771985.900 -3356.500 13 7 47 0
 22391889.733 38987751.435 -660.863 133 6 42 2
 3219385.042 23726582.926 -4108.910 30 5 31 3
 -2508448.745 23619177.254 2497.576 24 7 43 0
NAV_POSLLH 300300000 -1218478679 507471502 353396 369517 3869 6981
NAV_TIMEUTC 300300000 13 -483192 2016 10 19 11 24 43 7
RXM_RAW 300300001 1919 11 0
 -3297037.329 21738982.656 -2148.452 28 7 45 0
 -11492072.954 21897559.101 2222.211 19 7 49 0
 891925.915 23289535.050 -2045.832 15 7 45 0
 195107.981 23384209.863 -1134.644 1 7 46 0
 25233581.656 39023514.225 -640.021 138 6 47 2
 -10993022.344 21301163.830 487.435 17 7 47 0
 2197515.443 23806654.960 -3854.017 4 7 45 0
 6230160.968 23993694.578 -3092.097 11 7 44 0
 1403951.829 22810467.888 -3383.681 13 7 47 0
 22431545.232 38995298.113 -661.209 133 6 42 2
 -2657815.779 23590752.036 2481.745 24 7 42 0
NAV_POSLLH 300359999 -1218478551 507471291 347376 363497 4326 6425
NAV_TIMEUTC 300359999 12 -507590 2016 10 19 11 25 43 7
RXM_RAW 300360001 1919 11 0
 -3167668.788 21763602.645 -2163.558 28 7 45 0
 -11624517.901 21872357.619 2192.808 19 7 50 0
 1015715.757 23313090.035 -2080.059 15 7 45 0
 264448.637 23397403.833 -1176.638 1 7 46 0
 25271992.649 39030822.795 -640.444 138 6 47 2
 -11021261.050 21295790.088 454.149 17 7 47 0
 2429173.453 23850738.642 -3868.010 4 7 45 0
 6416643.021 24029177.571 -3123.517 11 7 42 0
 1607811.531 22849260.647 -3411.134 13 7 47 0
 22471206.044 39002845.297 -660.904 133 6 42 2
 -2806255.579 23562506.538 2465.697 24 7 43 0
NAV_POSLLH 300419999 -1218478398 507471360 346025 362146 3870 6584
NAV_TIMEUTC 300419999 12 -531985 2016 10 19 11 26 43 7
RXM_RAW 300420000 1919 11 0
 -3037418.800 21488594.106 -2177.959 28 7 44 0
 -11755194.373 21547695.934 2163.406 19 7 48 0
 1141520.402 23037239.401 -2113.493 15 7 46 0
 336271.057 23111278.528 -1217.698 1 7 46 0
 25310381.005 38738335.961 -639.086 138 6 47 2
 -11047536.817 20990998.041 421.524 17 7 47 0
 2661659.367 23595187.131 -3881.463 4 7 47 0
 6605017.874 23765227.881 -3155.729 11 7 41 0
 1813279.527 22588567.255 -3437.698 13 7 47 0
 22510875.561 38710601.789 -661.004 133 6 42 2
 -2953746.777 23234645.879 2450.684 24 7 42 0
NAV_POSLLH 300480000 -1218478461 507471113 347785 363906 4090 6468
NAV_TIMEUTC 300480000 12 443631 2016 10 19 11 27 43 7
RXM_RAW 300480001 1919 11 0
 -2906303.055 21513546.556 -2191.721 28 7 45 0
 -11884102.033 21523160.684 2133.949 19 7 46 0
 1269312.362 23061556.611 -2145.911 15 7 45 0
 410559.076 23125414.304 -1258.568 1 7 46 0
 25348743.678 38745635.667 -638.400 138 6 47 2
 -11071861.189 20986367.399 389.586 17 7 47 0
 2894940.661 23639578.461 -3894.020 4 7 46 0
 6795254.409 23801433.715 -3185.354 11 7 43 0
 2020321.723 22627965.379 -3463.056 13 7 47 0
 22550540.868 38718150.003 -660.822 133 6 42 2
 -3100287.915 23206761.146 2434.624 24 7 43 0
NAV_POSLLH 300540000 -1218478704 507471426 351501 367622 3759 6262
NAV_TIMEUTC 300540000 11 419272 2016 10 19 11 28 43 7
RXM_RAW 300540001 1919 11 0
 -2774347.899 21538657.489 -2206.163 28 7 45 0
 -12011237.569 21498973.775 2103.852 19 7 49 0
 1399054.567 23086245.842 -2178.780 15 7 45 0
 487289.069 23140017.030 -1299.199 1 7 46 0
 25387051.747 38752926.053 -637.781 138 6 47 2
 -11094248.939 20982106.527 356.857 17 7 46 0
 3128969.907 23684112.778 -3906.419 4 7 47 0
 6987309.460 23837980.456 -3215.883 11 7 43 0
 2228889.733 22667655.149 -3488.941 13 7 47 0
 22590182.959 38725693.279 -660.854 133 6 42 2
 -3245872.680 23179055.994 2418.008 24 7 42 0
NAV_POSLLH 300600000 -1218478688 507471541 353938 370059 4087 6915
NAV_TIMEUTC 300600000 12 394929 2016 10 19 11 29 43 7
RXM_RAW 300600001 1919 11 0
 -2641521.190 21563930.395 -2222.010 28 7 44 0
 -12136553.194 21475125.923 2072.997 19 7 48 0
 1530766.861 23111311.021 -2211.769 15 7 45 0
 566491.496 23155089.481 -1341.173 1 7 46 0
 25425348.726 38760213.701 -638.497 138 6 47 2
 -11114663.301 20978222.161 322.893 17 7 46 0
 3363762.120 23728793.449 -3920.079 4 7 47 0
 7181200.058 23874875.225 -3246.787 11 7 42 0
 2438997.777 22707637.263 -3515.123 13 7 46 0
 22629835.306 38733239.765 -661.120 133 6 42 2
 -3390451.426 23151541.573 2401.010 24 7 41 0
NAV_POSLLH 300660000 -1218478761 507471399 350487 366608 3763 6341
NAV_TIMEUTC 300660000 12 370614 2016 10 19 11 30 43 7
RXM_RAW 300660001 1919 11 0
 -2507842.649 21589371.486 -2234.634 28 7 45 0
 -12260048.331 21451625.418 2042.857 19 7 48 0
 1664417.795 23136742.078 -2243.977 15 7 45 0
 648146.462 23170626.981 -1380.981 1 7 46 0
 25463614.236 38767495.589 -637.521 138 6 47 2
 -11133117.973 20974711.212 291.251 17 7 47 0
 3599279.394 23773609.500 -3931.006 4 7 44 0
 7376890.581 23912115.996 -3276.468 11 7 43 0
 2650606.390 22747905.245 -3539.342 13 7 45 0
 22669483.162 38740784.454 -660.829 133 6 42 2
 -3534020.440 23124222.908 2383.973 24 7 43 0
NAV_POSLLH 300720000 -1218478500 507471204 353636 369758 3974 7667
NAV_TIMEUTC 300720000 13 346311 2016 10 19 11 31 43 7
RXM_RAW 300720001 1919 11 0
 -2373319.439 21614968.042 -2249.378 28 7 45 0
 -12381710.225 21428470.724 2012.178 19 7 47 0
 1799987.534 23162541.981 -2275.777 15 7 46 0
 732245.493 23186630.820 -1421.844 1 7 46 0
 25501847.954 38774770.253 -636.789 138 6 47 2
 -11149614.842 20971569.806 258.452 17 7 46 0
 3835495.899 23818559.690 -3942.950 4 7 44 0
 7574357.542 23949693.505 -3305.842 11 7 41 0
 2863688.026 22788452.868 -3563.680 13 7 45 0
 22709122.682 38748328.253 -661.698 133 6 42 2
 -3676566.045 23097099.214 2367.423 24 7 44 0
NAV_POSLLH 300780000 -1218478461 507471176 347243 363364 3734 6179
NAV_TIMEUTC 300780000 11 322023 2016 10 19 11 32 43 7
RXM_RAW 300780001 1919 11 0
 -2237926.216 21640735.033 -2263.788 28 7 46 0
 -12501494.287 21405680.129 1980.708 19 7 48 0
 1937489.303 23188706.767 -2308.015 15 7 45 0
 818812.579 23203105.012 -1463.412 1 7 46 0
 25540074.927 38782044.987 -636.950 138 6 47 2
 -11164123.294 20968811.974 225.300 17 7 47 0
 4072418.427 23863642.624 -3954.131 4 7 42 0
 7773609.754 23987606.703 -3334.956 11 7 42 0
 3078248.146 22829283.167 -3588.155 13 7 46 0
 22748785.320 38755875.594 -661.052 133 6 42 2
 -3818039.533 23070179.932 2349.015 24 7 45 0
NAV_POSLLH 300840000 -1218478691 507471502 350674 366795 5161 7662
NAV_TIMEUTC 300840000 15 297715 2016 10 19 11 33 43 7
RXM_RAW 300840001 1919 11 0
 -2101654.568 21666666.144 -2278.449 28 7 46 0
 -12619372.437 21383249.323 1948.319 19 7 48 0
 2076918.021 23215240.486 -2340.059 15 7 46 0
 907854.093 23220049.801 -1504.948 1 7 47 0
 25578314.190 38789321.938 -637.199 138 6 47 2
 -11176629.369 20966432.200 191.510 17 7 47 0
 4310037.533 23908862.281 -3966.207 4 7 43 0
 7974638.716 24025859.988 -3365.025 11 7 40 0
 3294275.280 22870390.400 -3612.724 13 7 46 0
 22788482.604 38763429.793 -662.212 133 6 42 2
 -3958409.317 23043463.824 2329.977 24 7 42 0
NAV_POSLLH 300900000 -1218478923 507471391 352252 368373 4062 6441
NAV_TIMEUTC 300900000 12 273425 2016 10 19 11 34 43 7
RXM_RAW 300900001 1919 11 0
 -1964543.257 21692758.896 -2292.195 28 7 46 0
 -12735364.348 21361173.488 1917.024 19 7 47 0
 2218222.071 23242125.566 -2370.484 15 7 44 0
 999329.135 23237457.039 -1545.025 1 7 47 0
 25616524.847 38796592.990 -636.814 138 6 47 2
 -11187166.322 20964427.310 159.311 17 7 47 0
 4548295.539 23954200.529 -3976.280 4 7 42 0
 8177389.108 24064446.328 -3393.660 11 7 43 0
 3511709.621 22911769.351 -3635.996 13 7 47 0
 22828178.520 38770983.312 -661.641 133 6 42 2
 -4097691.722 23016959.840 2311.711 24 7 43 0
NAV_POSLLH 300960000 -1218478332 507471139 347110 363231 4860 6462
NAV_TIMEUTC 300960000 12 249144 2016 10 19 11 35 43 7
RXM_RAW 300960001 1919 11 0
 -1826553.771 21719013.778 -2307.081 28 7 44 0
 -12849412.614 21339470.670 1884.435 19 7 46 0
 2361426.622 23269378.182 -2402.380 15 7 45 0
 1093273.154 23255332.170 -1586.428 1 7 46 0
 25654753.558 38803867.671 -637.485 138 6 47 2
 -11195691.950 20962803.916 125.007 17 7 47 0
 4787212.477 23999666.321 -3987.736 4 7 44 0
 8381882.812 24103354.433 -3423.037 11 7 39 0
 3730569.511 22953415.151 -3659.254 13 7 46 0
 22867917.213 38778546.515 -662.708 133 6 42 2
 -4235825.902 22990678.677 2292.408 24 7 45 0
NAV_POSLLH 301020000 -1218478417 507471072 349049 365170 3894 5828
NAV_TIMEUTC 301020000 11 224829 2016 10 19 11 36 43 7
RXM_RAW 301020001 1919 11 0
 -1687693.180 21745442.151 -2321.013 28 7 46 0
 -12961506.260 21318144.358 1852.641 19 7 48 0
 2506510.526 23296987.742 -2432.997 15 7 46 0
 1189675.729 23273676.833 -1626.215 1 7 46 0
 25692994.881 38811144.639 -636.420 138 6 47 2
 -11202209.103 20961563.712 92.440 17 7 47 0
 5026762.486 24045250.740 -3996.801 4 7 43 0
 8588095.294 24142601.142 -3450.799 11 7 41 0
 3950826.764 22995329.527 -3681.909 13 7 47 0
 22907695.659 38786115.984 -662.823 133 6 42 2
 -4372796.414 22964614.456 2273.870 24 7 44 0
NAV_POSLLH 301080000 -1218478991 507471639 356054 372175 3916 5846
NAV_TIMEUTC 301080000 11 200544 2016 10 19 11 37 43 7
RXM_RAW 301080001 1919 11 0
 -1548025.745 21772019.338 -2334.835 28 7 46 0
 -13071690.953 21297172.564 1820.041 19 7 46 0
 2653395.689 23324939.308 -2463.101 15 7 46 0
 1288469.095 23292477.244 -1667.057 1 7 46 0
 25731189.326 38818412.812 -636.188 138 6 47 2
 -11206777.724 20960692.684 59.654 17 7 47 0
 5266863.160 24090941.151 -4006.354 4 7 45 0
 8795945.035 24182150.874 -3478.263 11 7 40 0
 4172396.882 23037493.982 -3704.223 13 7 47 0
 22947451.548 38793681.997 -662.592 133 6 42 2
 -4508644.436 22938754.560 2254.041 24 7 41 0
NAV_POSLLH 301140000 -1218478416 507471130 349126 365247 3595 5848
NAV_TIMEUTC 301140000 11 176280 2016 10 19 11 38 43 7
RXM_RAW 301140001 1919 11 0
 -1407507.261 21798758.883 -2349.108 28 7 45 0
 -13179904.688 21276582.459 1787.158 19 7 47 0
 2802111.524 23353238.815 -2494.028 15 7 45 0
 1389693.153 23311738.428 -1707.321 1 7 46 0
 25769387.178 38825682.119 -636.810 138 6 47 2
 -11209349.412 20960202.839 26.167 17 7 47 0
 5507539.888 24136740.120 -4016.284 4 7 40 0
 9005458.151 24222019.474 -3505.319 11 7 40 0
 4395302.675 23079909.964 -3726.777 13 7 46 0
 22987235.511 38801251.465 -663.148 133 6 42 2
 -4643304.047 22913137.867 2234.621 24 7 44 0
NAV_POSLLH 301200000 -1218478422 507470906 351185 367306 3829 5632
NAV_TIMEUTC 301200000 11 152004 2016 10 19 11 39 43 7
RXM_RAW 301200001 1919 11 0
 -1266149.941 21825657.608 -2362.827 28 7 44 0
 -13286141.708 21256361.617 1754.345 19 7 45 0
 2952631.818 23381882.824 -2523.541 15 7 47 0
 1493331.230 23331461.886 -1747.212 1 7 47 0
 25807576.186 38832949.035 -636.121 138 6 47 2
 -11209933.657 20960092.711 -6.907 17 7 48 0
 5748761.888 24182641.696 -4025.105 4 7 34 0
 9216605.894 24262202.701 -3531.919 11 7 42 0
 4619511.161 23122575.084 -3747.527 13 7 45 0
 23027036.555 38808825.959 -664.034 133 6 42 2
 -4776763.954 22887741.763 2214.845 24 7 44 0
NAV_POSLLH 301260000 -1218478679 507471478 354857 370978 4957 5874
NAV_TIMEUTC 301260000 11 127743 2016 10 19 11 40 43 7
RXM_RAW 301260001 1919 10 0
 -1123972.217 21852710.559 -2376.254 28 7 42 0
 -13390402.716 21236522.796 1721.488 19 7 46 0
 3104923.649 23410862.610 -2552.539 15 7 46 0
 1599360.229 23351637.932 -1786.866 1 7 46 0
 25845742.976 38840211.624 -636.177 138 6 47 2
 -11208545.246 20960356.296 -39.477 17 7 48 0
 9429352.162 24302682.407 -3558.433 11 7 39 0
 4844982.994 23165482.604 -3768.141 13 7 47 0
 23066842.755 38816401.220 -663.524 133 6 42 2
 -4909020.025 22862565.845 2194.030 24 7 39 0
NAV_POSLLH 301320000 -1218478756 507471495 354780 370901 3901 5393
NAV_TIMEUTC 301320000 10 103473 2016 10 19 11 41 43 7
RXM_RAW 301320001 1919 11 0
 -980942.803 21879931.275 -2390.485 28 7 43 0
 -13492639.649 21217071.702 1687.129 19 7 48 0
 3259002.068 23440181.942 -2582.624 15 7 45 0
 1707805.449 23372274.786 -1827.108 1 7 46 0
 25883925.332 38847477.668 -636.274 138 6 47 2
 -11205150.580 20961002.844 -73.156 17 7 48 0
 6232577.128 24274742.515 -4040.919 4 4 27 3
 9643709.598 24343476.915 -3585.678 11 7 42 0
 5071727.994 23208631.461 -3789.221 13 7 47 0
 23106687.467 38823983.183 -665.071 133 6 42 2
 -5040019.347 22837641.454 2172.566 24 7 42 0
NAV_POSLLH 301380000 -1218478505 507471403 351490 367611 3732 5347
NAV_TIMEUTC 301380000 10 79213 2016 10 19 11 42 43 7
RXM_RAW 301380001 1919 11 0
 -837078.455 21907305.955 -2404.237 28 7 41 0
 -13592851.818 21198001.196 1653.493 19 7 48 0
 3414836.186 23469837.418 -2611.565 15 7 47 0
 1818644.849 23393366.149 -1866.863 1 7 45 0
 25922106.659 38854743.083 -635.954 138 6 47 2
 -11199763.026 20962028.742 -106.240 17 7 48 0
 6475013.084 24320936.783 -4049.935 4 4 27 3
 9859644.130 24384565.128 -3611.391 11 7 39 0
 5299708.214 23252014.517 -3809.647 13 7 49 0
 23146558.225 38831570.416 -664.427 133 6 42 2
 -5169755.305 22812954.876 2151.625 24 7 43 0
NAV_POSLLH 301440000 -1218478644 507471334 350931 367052 3866 5164
NAV_TIMEUTC 301440000 10 54967 2016 10 19 11 43 43 7
RXM_RAW 301440001 1919 11 0
 -692409.948 21934837.164 -2418.144 28 7 42 0
 -13691054.476 21179311.228 1619.791 19 7 47 0
 3572379.149 23499814.467 -2639.911 15 7 44 0
 1931840.862 23414905.093 -1906.171 1 7 45 0
 25960262.505 38862004.136 -635.452 138 6 47 2
 -11192411.757 20963427.691 -138.921 17 7 48 0
 6718150.836 24367209.508 -4046.629 4 4 23 3
 10077106.006 24425948.913 -3636.535 11 7 41 0
 5528870.910 23295621.477 -3829.381 13 7 47 0
 23186426.952 38839156.444 -664.300 133 6 42 2
 -5298236.845 22788504.381 2129.862 24 7 41 0
NAV_POSLLH 301500000 -1218483317 507479856 461401 477522 11411 16076
NAV_TIMEUTC 301500000 32 30635 2016 10 19 11 44 43 7
RXM_RAW 301500001 1919 11 0
 -546903.254 21962527.187 -2432.435 28 7 44 0
 -13787196.052 21161015.826 1585.339 19 7 47 0
 3731648.955 23530124.675 -2669.353 15 7 46 0
 2047421.320 23436898.806 -1946.196 1 7 45 0
 25998426.274 38869266.446 -636.114 138 6 47 2
 -11183060.784 20965207.160 -172.779 17 7 48 0
 6961758.423 24413567.984 -4066.990 4 4 16 3
 10296111.496 24467624.605 -3663.524 11 7 37 0
 5759228.788 23339458.169 -3849.597 13 7 47 0
 23226332.798 38846751.773 -665.792 133 6 42 2
 -5425407.291 22764308.729 2108.054 24 7 44 0
NAV_POSLLH 301560000 -1218478463 507471108 351591 367712 11224 17215
NAV_TIMEUTC 301560000 34 6459 2016 10 19 11 45 43 7
RXM_RAW 301560001 1919 10 0
 -400593.839 21990367.613 -2444.067 28 7 44 0
 -13881296.695 21143109.879 1552.274 19 7 47 0
 3892594.329 23560752.704 -2695.436 15 7 47 0
 2165343.602 23459342.281 -1984.094 1 7 46 0
 26036572.568 38876525.719 -634.331 138 6 47 2
 -11171744.052 20967361.686 -203.957 17 7 48 0
 10516607.444 24509583.322 -3684.595 11 5 31 3
 5990724.651 23383510.441 -3866.575 13 7 47 0
 23266243.313 38854345.131 -664.155 133 6 42 2
 -5551279.346 22740355.548 2087.932 24 7 43 0
NAV_POSLLH 301620000 -1218478736 507471200 346381 362502 10495 15837
NAV_TIMEUTC 301620000 31 -17765 2016 10 19 11 46 43 7
RXM_RAW 301620001 1919 9 0
 -253469.336 22018363.905 -2459.348 28 7 45 0
 -13973328.565 21125596.980 1516.015 19 7 47 0
 4055210.896 23591693.266 -2724.347 15 7 44 0
 2285612.402 23482227.753 -2023.832 1 7 46 0
 26074712.288 38883782.985 -635.554 138 6 47 2
 -11158447.158 20969892.823 -238.060 17 7 49 0
 6223349.050 23427775.309 -3887.006 13 7 44 0
 23306174.555 38861944.177 -665.835 133 6 42 2
 -5675819.398 22716652.987 2063.974 24 7 43 0
NAV_POSLLH 301680000 -1218478247 507471106 348406 364527 9278 14162
NAV_TIMEUTC 301680000 28 -42072 2016 10 19 11 47 43 7
RXM_RAW 301680001 1919 9 0
 -105435.650 22046534.245 -2474.593 28 7 45 0
 -14063181.584 21108499.414 1479.357 19 7 47 0
 4219577.244 23622975.940 -2754.088 15 7 46 0
 2408314.470 23505575.569 -2065.411 1 7 45 0
 26112945.426 38891058.906 -637.936 138 6 47 2
 -11143075.113 20972816.432 -273.597 17 7 48 0
 6457174.908 23472272.160 -3906.844 13 7 44 0
 23346223.667 38869564.670 -668.143 133 6 42 2
 -5798909.696 22693233.766 2039.143 24 7 44 0
NAV_POSLLH 301740000 -1218478429 507471127 348172 364293 9016 13073
NAV_TIMEUTC 301740000 26 -66431 2016 10 19 11 48 43 7
RXM_RAW 301740001 1919 9 0
 43505.225 22074877.308 -2489.805 28 7 45 0
 -14150842.707 21091818.140 1443.056 19 7 48 0
 4385674.079 23654582.437 -2782.096 15 7 47 0
 2533439.398 23529386.845 -2105.010 1 7 45 0
 26151275.181 38898352.556 -639.267 138 6 47 2
 -11125628.665 20976136.214 -307.746 17 7 48 0
 6692178.065 23516989.460 -3926.161 13 7 41 0
 23386393.905 38877208.459 -670.868 133 6 42 2
 -5920530.160 22670088.582 2014.816 24 7 45 0
NAV_POSLLH 301800000 -1218482069 507476774 419140 435261 14670 22883
NAV_TIMEUTC 301800000 47 -90906 2016 10 19 11 49 43 7
RXM_RAW 301800001 1919 9 0
 193348.620 22103390.370 -2505.354 28 7 44 0
 -14236301.735 21075556.177 1405.729 19 7 48 0
 4553479.729 23686515.306 -2811.051 15 7 46 0
 2660973.755 23553658.091 -2145.387 1 7 46 0
 26189693.492 38905664.267 -641.277 138 6 47 2
 -11106112.362 20979850.597 -342.900 17 7 48 0
 6928331.029 23561928.360 -3945.421 13 7 40 0
 23426681.894 38884874.810 -672.811 133 6 42 2
 -6040664.237 22647223.736 1989.441 24 7 43 0
NAV_POSLLH 301860000 -1218478690 507471498 350937 367058 26560 24474
NAV_TIMEUTC 301860000 45 -115314 2016 10 19 11 50 43 7
RXM_RAW 301860001 1919 9 0
 344062.462 22132069.175 -2519.166 28 7 44 0
 -14319576.238 21059708.779 1369.330 19 7 48 0
 4722944.787 23718760.831 -2837.794 15 7 45 0
 2790876.687 23578375.399 -2184.463 1 7 44 0
 26228185.269 38912987.670 -641.973 138 6 47 2
 -11084557.311 20983952.812 -376.231 17 7 48 0
 7165580.963 23607079.071 -3963.166 13 7 45 0
 23467059.872 38892559.468 -674.184 133 6 42 2
 -6159321.712 22624648.110 1965.293 24 7 45 0
NAV_POSLLH 301920000 -1218478734 507471352 351066 367187 26854 29380
NAV_TIMEUTC 301920000 49 -139846 2016 10 19 11 51 43 7
RXM_RAW 301920001 1919 8 0
 495685.813 22160925.867 -2534.110 28 7 45 0
 -14400613.888 21044288.755 1331.940 19 7 48 0
 4894091.432 23751330.423 -2865.879 15 7 46 0
 2923177.430 23603552.922 -2224.511 1 7 45 0
 26266775.539 38920332.030 -644.066 138 6 47 2
 -11060925.197 20988447.098 -410.550 17 7 47 0
 7403944.009 23652436.444 -3981.315 13 7 44 0
 23507570.205 38900268.049 -675.586 133 6 42 2
NAV_POSLLH 301980000 -1218478487 507471151 346380 362501 12144 17819
NAV_TIMEUTC 301980000 36 -164452 2016 10 19 11 52 43 7
RXM_RAW 301980001 1919 9 0
 648250.801 22189954.706 -2550.710 28 7 43 0
 -14479367.230 21029301.565 1293.179 19 7 48 0
 5066934.246 23784219.162 -2895.703 15 7 45 0
 3057899.206 23629187.903 -2265.948 1 7 44 0
 26305514.830 38927703.194 -647.295 138 6 47 2
 -11035184.082 20993348.114 -446.979 17 7 49 0
 7643430.444 23698007.705 -4000.867 13 7 43 0
 23548248.345 38908008.826 -679.829 133 6 43 2
 -115322.016 22580376.227 1911.399 24 5 45 1
NAV_POSLLH 302040000 -1218478685 507471286 351449 367571 11847 16180
NAV_TIMEUTC 302040000 34 -189176 2016 10 19 11 53 43 7
RXM_RAW 302040001 1919 9 0
 801752.464 22219169.354 -2565.598 28 7 44 0
 -14555828.026 21014751.905 1255.938 19 7 48 0
 5241450.602 23817431.220 -2921.979 15 7 46 0
 3195026.703 23655283.988 -2304.937 1 7 44 0
 26344391.577 38935102.243 -648.542 138 6 47 2
 -11007338.194 20998646.995 -480.762 17 7 49 0
 7884013.548 23743790.742 -4017.992 13 7 45 0
 23589093.451 38915780.891 -681.886 133 6 43 2
 -229239.489 22558697.822 1885.812 24 7 44 0
NAV_POSLLH 302100000 -1218478462 507471175 346745 362866 10314 14607
NAV_TIMEUTC 302100000 30 -213931 2016 10 19 11 54 43 7
RXM_RAW 302100001 1919 9 0
 956139.856 22248543.306 -2580.271 28 7 42 0
 -14630034.440 21000629.235 1217.972 19 7 48 0
 5417571.477 23850944.572 -2948.469 15 7 45 0
 3334498.688 23681822.628 -2344.371 1 7 43 0
 26383366.948 38942518.307 -649.983 138 6 47 2
 -10977440.080 21004337.947 -515.547 17 7 49 0
 8125619.619 23789765.871 -4035.159 13 7 43 0
 23630056.907 38923576.479 -683.958 133 6 43 2
 -341576.832 22537320.537 1858.855 24 7 45 0
NAV_POSLLH 302160000 -1218478314 507471239 348101 364222 10031 13282
NAV_TIMEUTC 302160000 27 -238769 2016 10 19 11 55 43 7
RXM_RAW 302160001 1919 9 0
 1111421.477 22278094.272 -2594.485 28 7 43 0
 -14701964.372 20986943.518 1180.211 19 7 49 0
 5595287.363 23884762.867 -2974.327 15 7 45 0
 3476312.708 23708806.441 -2381.654 1 7 41 0
 26422441.888 38949954.333 -651.394 138 6 47 2
 -10945482.058 21010415.858 -549.141 17 7 48 0
 8368235.755 23835934.488 -4051.215 13 7 45 0
 23671152.197 38931397.004 -684.764 133 6 43 2
 -452303.501 22516251.842 1832.405 24 7 46 0
NAV_POSLLH 302220000 -1218478734 507471340 350668 366789 9292 13459
NAV_TIMEUTC 302220000 27 -263663 2016 10 19 11 56 43 7
RXM_RAW 302220001 1919 9 0
 1267569.605 22307810.510 -2610.053 28 7 44 0
 -14771633.766 20973685.401 1142.147 19 7 49 0
 5774552.192 23918874.884 -3000.187 15 7 44 0
 3620429.783 23736234.362 -2420.990 1 7 42 0
 26461605.326 38957406.606 -653.136 138 6 47 2
 -10911493.663 21016883.048 -583.647 17 7 48 0
 8611810.786 23882285.338 -4067.358 13 7 42 0
 23712352.465 38939236.828 -688.274 133 6 43 2
 -561425.687 22495483.588 1805.297 24 7 45 0
NAV_POSLLH 302280000 -1218478295 507471079 348274 364395 8559 10912
NAV_TIMEUTC 302280000 22 -288602 2016 10 19 11 57 43 7
RXM_RAW 302280001 1919 9 0
 1424587.308 22337684.916 -2624.675 28 7 42 0
 -14839026.693 20960861.096 1104.305 19 7 49 0
 5955351.096 23953280.502 -3026.099 15 7 44 0
 3766842.017 23764096.758 -2459.104 1 7 42 0
 26500848.813 38964874.618 -654.498 138 6 47 2
 -10875472.078 21023739.640 -617.325 17 7 49 0
 8856326.254 23928815.401 -4082.846 13 7 44 0
 23753666.722 38947098.832 -688.605 133 6 43 2
 -668918.493 22475032.003 1777.934 24 7 47 0
NAV_POSLLH 302340000 -1218478640 507471141 349661 365782 9067 9965
NAV_TIMEUTC 302340000 20 -313593 2016 10 19 11 58 43 7
RXM_RAW 302340001 1919 9 0
 1582449.448 22367728.973 -2637.301 28 7 44 0
 -14904155.954 20948466.520 1066.756 19 7 48 0
 6137640.441 23987968.865 -3049.856 15 7 45 0
 3915512.557 23792388.185 -2496.257 1 7 42 0
 26540165.639 38972355.876 -655.740 138 6 47 2
 -10837444.505 21030977.467 -650.376 17 7 49 0
 9101735.146 23975515.848 -4096.920 13 7 42 0
 23795071.192 38954976.925 -689.929 133 6 43 2
 -774785.652 22454885.447 1751.307 24 7 47 0
NAV_POSLLH 302400000 -1218478823 507471336 351733 367854 7583 10307
NAV_TIMEUTC 302400000 20 -338629 2016 10 19 11 59 43 7
RXM_RAW 302400001 1919 9 0
 1741164.990 22397931.095 -2651.689 28 7 44 0
 -14967001.461 20936506.857 1028.876 19 7 48 0
 6321410.330 24022938.595 -3074.915 15 7 45 0
 4066438.196 23821107.788 -2533.767 1 7 42 0
 26579555.575 38979851.826 -656.792 138 6 47 2
 -10797403.845 21038597.907 -683.521 17 7 49 0
 9348023.287 24022382.631 -4111.530 13 7 43 0
 23836580.141 38962875.626 -692.367 133 6 43 2
 -878996.297 22435051.320 1723.122 24 7 46 0
NAV_POSLLH 302460000 -1218478281 507471225 348170 364291 6285 8085
