496830000 17 242998 2016 4 1 18 0 13 7
496830001 1890 11 0
SV -8586349.923 22594000.054 2007.209 4 7 0 0
SV 13093873.551 23843437.930 -3874.860 12 7 0 0
SV 12585860.866 24399639.714 -3953.800 14 7 0 0
SV 7036489.053 21285293.944 -2616.715 25 7 0 0
SV -1406807.689 20233261.744 -684.345 29 7 0 0
SV -4081090.123 21175940.235 152.851 31 7 0 0
SV 2594588.629 38678410.855 -729.039 120 6 2 2
SV 13020667.535 24739180.536 -4005.352 32 7 0 0
SV 6003581.336 23709522.185 -2626.719 2 7 0 0
SV -8809416.425 23897481.988 2290.256 26 7 0 0
SV -2673332.372 24728254.048 2515.172 21 7 0 0
496860000 23597461 487136979 141253 95016 6924 9398
496860000 15 228157 2016 4 1 18 0 43 7
496860001 1890 11 0
SV -8646469.993 22582560.075 2000.589 4 7 0 0
SV 13210183.293 23865568.872 -3879.437 12 7 0 0
SV 12704531.883 24422221.570 -3958.795 14 7 0 0
SV 7115138.746 21300254.958 -2625.827 25 7 0 0
SV -1386025.801 20237216.556 -701.517 29 7 0 0
SV -4085409.099 21175119.813 134.814 31 7 0 0
SV 2616467.188 38682574.355 -730.423 120 6 2 2
SV 13140861.220 24762051.088 -4008.669 32 7 0 0
SV 6082601.112 23724557.659 -2642.101 2 7 0 0
SV -8878070.653 23884416.713 2286.252 26 7 0 0
SV -2748760.985 24713901.087 2512.794 21 7 0 0
496890000 23597470 487137015 135351 89114 6105 6831
496890000 14 213305 2016 4 1 18 1 13 7
496890001 1890 11 0
SV -8706358.769 22571165.083 1992.619 4 7 0 0
SV 13326646.506 23887725.309 -3883.507 12 7 0 0
SV 12823367.413 24444836.528 -3963.715 14 7 0 0
SV 7194140.174 21315289.211 -2639.134 25 7 0 0
SV -1364704.034 20241273.872 -719.555 29 7 0 0
SV -4089163.763 21174405.977 115.845 31 7 0 0
SV 2638386.822 38686744.974 -730.767 120 6 2 2
SV 13261183.906 24784950.189 -4013.055 32 7 0 0
SV 6162083.120 23739684.991 -2656.762 2 7 0 0
SV -8946592.195 23871378.992 2281.266 26 7 0 0
SV -2824081.643 24699569.554 2508.945 21 7 0 0
496920000 23597479 487136962 135076 88839 5884 5897
496920000 13 198432 2016 4 1 18 1 43 7
496920001 1890 11 0
SV -8766037.714 22559808.289 1986.019 4 7 0 0
SV 13443240.185 23909908.235 -3887.181 12 5 1 1
SV 12942342.295 24467477.645 -3967.965 14 7 0 0
SV 7273470.407 21330384.295 -2649.342 25 7 0 0
SV -1342865.673 20245430.252 -736.334 29 7 0 0
SV -4092375.161 21173794.173 98.456 31 7 0 0
SV 2660325.307 38690920.235 -730.925 120 6 2 2
SV 13381610.197 24807866.565 -4015.632 32 7 0 0
SV 6242003.302 23754893.449 -2670.671 2 7 0 0
SV -9015002.370 23858358.006 2279.000 26 7 0 0
SV -2899314.702 24685253.413 2506.977 21 7 0 0
496950000 23598019 487136181 137873 91636 8626 7340
496950000 16 183535 2016 4 1 18 2 13 7
496950001 1890 11 0
SV -8825512.717 22548490.863 1979.512 4 7 0 0
SV 13559955.845 23932125.120 -3892.058 12 7 0 0
SV 13061445.507 24490139.771 -3972.182 14 7 0 0
SV 7353121.386 21345542.653 -2660.611 25 7 0 0
SV -1320518.671 20249682.573 -753.506 29 7 0 0
SV -4095049.574 21173285.429 79.854 31 7 0 0
SV 2682276.860 38695097.329 -732.192 120 6 2 2
SV 13502129.600 24830797.827 -4019.516 32 7 0 0
SV 6322352.510 23770183.033 -2685.944 2 7 0 0
SV -9083307.568 23845359.164 2274.812 26 7 0 0
SV -2974464.445 24670947.707 2503.006 21 5 3 3
496980000 23597445 487136541 138093 91856 7842 7074
496980000 14 168637 2016 4 1 18 2 43 7
496980001 1890 11 0
SV -8884781.046 22537213.503 1971.958 4 7 0 0
SV 13676794.876 23954364.881 -3896.352 12 7 0 0
SV 13180676.298 24512828.579 -3976.146 14 7 0 0
SV 7433094.495 21360762.419 -2670.986 25 7 0 0
SV -1297661.742 20254031.063 -770.304 29 7 0 0
SV -4097183.649 21172880.846 62.272 31 7 0 0
SV 2704244.331 38699279.081 -732.923 120 6 2 2
SV 13622740.954 24853748.266 -4021.724 32 7 0 0
SV 6403130.760 23785555.610 -2700.156 2 7 0 0
SV -9151504.877 23832381.280 2271.691 26 7 0 0
SV -3049527.609 24656633.922 2501.762 21 4 3 3
497010000 23597134 487136726 136938 90701 7055 6412
497010000 13 153748 2016 4 1 18 3 13 7
497010001 1890 11 0
SV -8943848.531 22525970.450 1966.415 4 7 0 0
SV 13793749.560 23976622.163 -3900.046 12 7 0 0
SV 13300024.539 24535539.532 -3979.868 14 7 0 0
SV 7513381.993 21376045.320 -2681.635 25 7 0 0
SV -1274302.965 20258477.797 -786.727 29 7 0 0
SV -4098783.428 21172575.886 44.594 31 7 0 0
SV 2726216.103 38703460.206 -732.552 120 6 2 2
SV 13743434.091 24876717.045 -4023.908 32 7 0 0
SV 6484329.261 23801007.970 -2713.708 2 7 0 0
SV -9219600.477 23819423.621 2268.582 26 7 0 0
SV -3124508.633 24642374.075 2499.815 21 5 3 3
497040000 23597139 487136638 139567 93330 6645 6124
497040000 12 138843 2016 4 1 18 3 43 7
497040001 1890 11 0
SV -9002707.531 22514770.098 1958.951 4 7 0 0
SV 13910825.505 23998902.548 -3904.113 12 7 0 0
SV 13419493.495 24558272.559 -3984.275 14 7 0 0
SV 7593989.617 21391379.524 -2692.628 25 7 0 0
SV -1250436.662 20263017.785 -803.718 29 7 0 0
SV -4099841.038 21172374.196 26.402 31 7 0 0
SV 2748199.162 38707642.971 -732.236 120 6 2 2
SV 13864212.469 24899701.425 -4026.857 32 7 0 0
SV 6565952.691 23816540.182 -2727.837 2 7 0 0
SV -9287586.809 23806487.688 2265.380 26 7 0 0
SV -3199399.312 24628131.556 2495.791 21 5 1 1
497070000 23597168 487136628 140461 94225 6196 5779
497070000 12 123935 2016 4 1 18 4 13 7
497070001 1890 11 0
SV -9061362.850 22503611.346 1951.942 4 7 0 0
SV 14028015.895 24021203.403 -3908.134 12 7 0 0
SV 13539074.195 24581029.021 -3988.812 14 7 0 0
SV 7674910.732 21406769.971 -2702.389 25 7 0 0
SV -1226069.504 20267654.203 -820.207 29 7 0 0
SV -4100361.535 21172274.189 8.535 31 7 0 0
SV 2770185.418 38711826.486 -732.659 120 6 2 2
SV 13985066.978 24922699.398 -4029.896 32 7 0 0
SV 6647993.234 23832151.740 -2741.482 2 7 0 0
SV -9355468.833 23793569.466 2261.220 26 7 0 0
SV -3274202.058 24613902.910 2491.778 21 7 0 0
497100000 23597177 487136714 139321 93084 5666 5406
497100000 12 109031 2016 4 1 18 4 43 7
497100001 1890 11 0
SV -9119818.513 22492487.286 1945.488 4 7 0 0
SV 14145314.698 24043528.741 -3911.659 12 7 0 0
SV 13658758.026 24603806.319 -3991.257 14 7 0 0
SV 7756139.345 21422238.664 -2713.116 25 7 0 0
SV -1201207.817 20272385.254 -837.026 29 7 0 0
SV -4100349.237 21172276.824 -9.528 31 7 0 0
SV 2792170.912 38716010.385 -732.638 120 6 2 2
SV 14105989.078 24945710.215 -4031.974 32 7 0 0
SV 6730443.838 23847841.283 -2755.630 2 7 0 0
SV -9423251.035 23780668.293 2257.602 26 7 0 0
SV -3348920.860 24599686.462 2488.356 21 7 0 0
497130000 23597299 487136723 138211 91974 5351 5233
497130000 11 94123 2016 4 1 18 5 13 7
497130001 1890 11 0
SV -9178065.074 22481401.477 1937.582 4 7 0 0
SV 14262729.535 24065828.287 -3914.002 12 4 3 3
SV 13778550.471 24626600.369 -3995.296 14 7 0 0
SV 7837683.353 21437756.026 -2723.923 25 7 0 0
SV -1175843.988 20277212.508 -853.772 29 7 0 0
SV -4099794.461 21172384.038 -27.424 31 7 0 0
SV 2814165.947 38720196.396 -733.402 120 6 2 2
SV 14226984.199 24968736.057 -4033.838 32 7 0 0
SV 6813310.878 23863609.806 -2768.910 2 7 0 0
SV -9490923.938 23767791.463 2253.941 26 7 0 0
SV -3423544.644 24585487.656 2486.114 21 7 0 0
497160000 23597159 487136719 143357 97120 5808 5937
497160000 12 79208 2016 4 1 18 5 43 7
497160001 1890 11 0
SV -9236097.403 22470358.770 1931.148 4 7 0 0
SV 14380226.023 24088225.466 -3922.105 12 5 3 3
SV 13898451.988 24649418.693 -3998.519 14 7 0 0
SV 7919545.840 21453328.059 -2733.542 25 7 0 0
SV -1149974.831 20282137.081 -870.871 29 7 0 0
SV -4098692.209 21172592.411 -46.025 31 7 0 0
SV 2836173.175 38724384.675 -733.022 120 6 2 2
SV 14348053.114 24991774.288 -4037.144 32 7 0 0
SV 6896596.544 23879459.472 -2783.424 2 7 0 0
SV -9558482.733 23754938.854 2250.006 26 7 0 0
SV -3498067.140 24571307.941 2482.406 21 7 0 0
497190000 23597122 487136732 145061 98824 5973 6384
497190000 12 64277 2016 4 1 18 6 13 7
497190001 1890 11 0
SV -9293923.119 22459354.314 1923.958 4 7 0 0
SV 14497869.637 24110616.085 -3922.199 12 7 0 0
SV 14018451.197 24672255.409 -4002.033 14 7 0 0
SV 8001717.315 21468961.779 -2745.164 25 7 0 0
SV -1123610.354 20287154.159 -887.266 29 7 0 0
SV -4097050.206 21172906.131 -63.731 31 7 0 0
SV 2858181.841 38728571.872 -733.978 120 6 2 2
SV 14469183.963 25014821.471 -4038.519 32 7 0 0
SV 6980289.985 23895386.042 -2796.610 2 7 0 0
SV -9625935.170 23742104.272 2246.570 26 7 0 0
SV -3572494.948 24557144.105 2478.981 21 7 0 0
497220000 23597439 487136727 136861 90624 4457 4759
497220000 10 49343 2016 4 1 18 6 43 7
497220001 1890 11 0
SV -9351535.987 22448392.802 1917.079 4 7 0 0
SV 14615627.095 24133026.283 -3927.778 12 7 0 0
SV 14138550.113 24695107.569 -4005.524 14 7 0 0
SV 8084202.377 21484661.094 -2755.279 25 7 0 0
SV -1096746.168 20292266.741 -903.319 29 7 0 0
SV -4094862.344 21173321.097 -82.011 31 7 0 0
SV 2880198.918 38732761.617 -732.787 120 6 2 2
SV 14590378.867 25037887.553 -4040.540 32 7 0 0
SV 7064394.656 23911390.649 -2809.965 2 7 0 0
SV -9693275.039 23729288.570 2243.252 26 7 0 0
SV -3646820.531 24543001.419 2476.098 21 7 0 0
497250000 23597715 487136679 141440 95203 7222 6388
497250000 14 34420 2016 4 1 18 7 13 7
497250001 1890 11 0
SV -9408942.441 22437469.263 1909.918 4 7 0 0
SV 14733489.573 24155455.048 -3931.921 12 7 0 0
SV 14258737.381 24717976.096 -4007.747 14 7 0 0
SV 8166992.292 21500417.332 -2764.758 25 7 0 0
SV -1069390.657 20297470.623 -920.024 29 7 0 0
SV -4092135.383 21173839.508 -99.804 31 7 0 0
SV 2902217.435 38736950.891 -733.921 120 6 2 2
SV 14711626.736 25060960.527 -4041.893 32 7 0 0
SV 7148900.594 23927470.640 -2823.433 2 7 0 0
SV -9760509.309 23716492.011 2239.476 26 7 0 0
SV -3721049.670 24528876.061 2472.839 21 7 0 0
497280000 23597764 487136534 141111 94874 7554 6705
497280000 14 19489 2016 4 1 18 7 43 7
497280001 1890 11 0
SV -9466136.793 22426584.567 1902.890 4 7 0 0
SV 14851461.384 24177902.327 -3935.141 12 7 0 0
SV 14379014.850 24740865.128 -4010.598 14 7 0 0
SV 8250091.280 21516231.470 -2774.272 25 7 0 0
SV -1041540.387 20302769.137 -936.650 29 7 0 0
SV -4088863.756 21174461.434 -118.424 31 7 0 0
SV 2924242.080 38741142.957 -733.912 120 6 2 2
SV 14832929.277 25084041.878 -4044.976 32 7 0 0
SV 7233810.733 23943630.345 -2836.998 2 7 0 0
SV -9827632.232 23703719.342 2235.754 26 7 0 0
SV -3795175.432 24514770.614 2468.742 21 7 0 0
497310000 23597635 487136707 139722 93485 6452 6166
497310000 13 4554 2016 4 1 18 8 13 7
497310001 1890 11 0
SV -9523114.985 22415741.630 1895.799 4 7 0 0
SV 14969544.513 24200366.970 -3936.130 12 4 3 3
SV 14499382.152 24763771.052 -4013.514 14 7 0 0
SV 8333501.294 21532098.237 -2784.710 25 7 0 0
SV -1013193.724 20308163.941 -952.995 29 7 0 0
SV -4085043.437 21175189.824 -136.602 31 7 0 0
SV 2946278.804 38745336.418 -735.030 120 6 2 2
SV 14954286.313 25107135.130 -4045.623 32 7 0 0
SV 7319125.831 23959863.689 -2850.349 2 7 0 0
SV -9894639.946 23690967.735 2232.121 26 7 0 0
SV -3869192.545 24500684.013 2465.195 21 7 0 0
497340000 23597776 487136370 155125 108888 6662 8388
497340000 13 -10391 2016 4 1 18 8 43 7
497340000 1890 11 0
SV -9579865.692 22105150.265 1887.672 4 7 0 0
SV 15087748.172 23923058.056 -3941.086 12 4 3 3
SV 14619846.491 24486901.761 -4017.390 14 7 0 0
SV 8417231.930 21248234.952 -2796.775 25 7 0 0
SV -984341.151 20013862.215 -970.340 29 7 0 0
SV -4080663.439 20876231.001 -155.476 31 7 0 0
SV 2968335.588 38449741.020 -735.392 120 6 2 2
SV 15075704.853 24830450.707 -4048.490 32 7 0 0
SV 7404854.567 23676384.117 -2864.949 2 7 0 0
SV -9961521.295 23378446.376 2226.886 26 7 0 0
SV -3943088.562 24186829.597 2460.262 21 7 0 0
497370000 23597741 487136660 133657 87420 6190 6057
497370000 13 -25342 2016 4 1 18 9 13 7
497370000 1890 10 0
SV -9636382.106 22094394.858 1880.353 4 7 0 0
SV 14740410.201 24509845.552 -4019.581 14 7 0 0
SV 8501287.995 21264236.802 -2807.230 25 7 0 0
SV -954978.292 20019449.723 -987.248 29 7 0 0
SV -4075717.255 20877172.056 -174.033 31 7 0 0
SV 2990416.728 38453942.352 -736.764 120 6 2 2
SV 15197187.402 24853569.227 -4049.972 32 7 0 0
SV 7491000.208 23692777.776 -2878.486 2 7 0 0
SV -10028269.740 23365745.653 2222.845 26 7 0 0
SV -4016855.470 24172794.631 2456.719 21 7 0 0
497400000 23597673 487136671 135243 89006 5609 5410
497400000 12 -40314 2016 4 1 18 9 43 7
497400000 1890 10 0
SV -9692677.107 22083681.664 1872.865 4 7 0 0
SV 14861056.581 24532805.170 -4022.766 14 7 0 0
SV 8585654.979 21280295.085 -2817.765 25 7 0 0
SV -925119.648 20025131.095 -1003.908 29 7 0 0
SV -4070217.778 20878218.685 -192.245 31 7 0 0
SV 3012508.528 38458147.401 -736.486 120 6 2 2
SV 15318717.128 24876693.819 -4051.487 32 7 0 0
SV 7577547.330 23709247.885 -2891.208 2 7 0 0
SV -10094898.055 23353067.582 2218.972 26 7 0 0
SV -4090505.237 24158780.501 2453.644 21 7 0 0
497430000 23597735 487136639 135766 89529 5252 5049
497430000 11 -55293 2016 4 1 18 10 13 7
497430000 1890 11 0
SV -9748745.853 22073012.600 1865.084 4 7 0 0
SV 15442721.237 23990683.025 -3953.728 12 4 3 3
SV 14981786.113 24555779.341 -4025.959 14 7 0 0
SV 8670335.704 21296411.112 -2828.480 25 7 0 0
SV -894762.819 20030907.047 -1020.446 29 7 0 0
SV -4064160.330 20879371.935 -211.247 31 7 0 0
SV 3034617.573 38462355.311 -737.464 120 6 2 2
SV 15440294.497 24899829.841 -4052.859 32 7 0 0
SV 7664497.017 23725794.059 -2904.878 2 7 0 0
SV -10161401.642 23340412.439 2215.149 26 7 0 0
SV -4164031.915 24144787.608 2448.923 21 7 0 0
497460000 23597682 487136771 141279 95042 6841 6433
497460000 14 -70299 2016 4 1 18 10 43 7
497460000 1890 12 0
SV -9804577.369 22062387.983 1857.589 4 7 0 0
SV 15561396.820 24013280.411 -3956.117 12 5 1 1
SV 15102605.260 24578769.811 -4028.344 14 7 0 0
SV 8755339.003 21312584.654 -2837.960 25 7 0 0
SV -863899.493 20036783.076 -1037.006 29 7 0 0
SV -4057534.739 20880633.185 -230.105 31 7 0 0
SV 3056750.876 38466567.532 -738.401 120 6 2 2
SV 15561926.026 24922976.089 -4054.370 32 7 0 0
SV 7751857.104 23742418.515 -2918.445 2 7 0 0
SV -48356.057 25485144.172 1612.640 5 4 3 3
SV -10227769.947 23327782.967 2210.558 26 7 0 0
SV -4237422.921 24130806.406 2443.462 21 5 3 3
497490000 23597100 487136766 160743 114507 7952 11953
497490000 18 -85318 2016 4 1 18 11 13 7
497490000 1890 12 0
SV -9860178.566 22051808.946 1849.261 4 7 0 0
SV 15680186.169 24035884.934 -3962.231 12 7 0 0
SV 15223502.856 24601779.441 -4031.021 14 7 0 0
SV 8840656.209 21328821.017 -2849.483 25 7 0 0
SV -832538.397 20042750.108 -1054.119 29 7 0 0
SV -4050347.945 20881998.874 -249.303 31 7 0 0
SV 3078899.687 38470781.777 -739.408 120 6 2 2
SV 15683600.668 24946127.816 -4056.840 32 7 0 0
SV 7839617.309 23759118.094 -2932.295 2 7 0 0
SV -96617.710 25475964.956 1603.744 5 4 3 3
SV -10294009.924 23315178.273 2205.635 26 7 0 0
SV -4310685.052 24116854.730 2439.574 21 4 3 3
497520000 23597179 487136819 149000 102763 7750 13350
497520000 19 -100311 2016 4 1 18 11 43 7
497520000 1890 12 0
SV -9915552.578 22041272.766 1841.880 4 7 0 0
SV 15799083.851 24058506.995 -3964.597 12 7 0 0
SV 15344471.441 24624799.524 -4033.307 14 7 0 0
SV 8926282.186 21345117.810 -2859.437 25 7 0 0
SV -800684.991 20048810.674 -1070.518 29 7 0 0
SV -4042603.423 20883472.649 -267.621 31 7 0 0
SV 3101058.237 38474998.483 -738.653 120 6 2 2
SV 15805310.993 24969289.700 -4057.805 32 7 0 0
SV 7927771.759 23775893.285 -2945.223 2 7 0 0
SV -144622.457 25466829.889 1595.265 5 4 3 3
SV -10360124.921 23302597.155 2201.458 26 7 0 0
SV -4383820.408 24102956.836 2436.606 21 5 1 1
497550000 23597274 487136871 150853 104616 6782 13368
497550000 18 -115325 2016 4 1 18 12 13 7
497550000 1890 12 0
SV -9970695.243 22030775.291 1834.845 4 7 0 0
SV 15918092.299 24081151.794 -3968.139 12 7 0 0
SV 15465511.128 24647831.962 -4035.455 14 7 0 0
SV 9012219.362 21361466.623 -2868.765 25 7 0 0
SV -768337.126 20054965.680 -1085.957 29 7 0 0
SV -4034297.415 20885054.756 -285.709 31 7 0 0
SV 3123227.603 38479217.300 -738.770 120 6 2 2
SV 15927057.086 24992456.260 -4058.867 32 7 0 0
SV 8016321.506 23792743.495 -2958.195 2 7 0 0
SV -192364.599 25457740.088 1587.716 5 4 3 3
SV -10426110.804 23290039.856 2197.949 26 7 0 0
SV -4456822.894 24089069.621 2431.354 21 7 0 0
497580000 23597576 487137036 132123 85886 5671 7220
497580000 14 -130326 2016 4 1 18 12 43 7
497580000 1890 11 0
SV -10025614.420 22020326.624 1826.901 4 7 0 0
SV 16037201.425 24103817.655 -3973.075 12 7 0 0
SV 15586609.525 24670877.819 -4037.477 14 7 0 0
SV 9098457.730 21377877.820 -2880.177 25 7 0 0
SV -735505.059 20061214.463 -1102.750 29 7 0 0
SV -4025438.248 20886739.679 -304.798 31 7 0 0
SV 3145400.113 38483436.134 -740.017 120 6 2 2
SV 16048826.668 25015625.891 -4060.564 32 7 0 0
SV 8105255.146 23809666.960 -2971.338 2 7 0 0
SV -10491975.730 23277505.190 2193.165 26 7 0 0
SV -4529699.824 24075204.236 2426.463 21 7 0 0
497610000 23597677 487137054 135497 89260 5423 6297
497610000 13 -145359 2016 4 1 18 13 13 7
497610000 1890 12 0
SV -10080297.153 22009922.193 1818.592 4 7 0 0
SV 16156422.407 24126500.634 -3977.209 12 7 0 0
SV 15707775.559 24693934.914 -4039.764 14 7 0 0
SV 9185008.451 21394344.212 -2890.384 25 7 0 0
SV -702178.265 20067555.453 -1119.027 29 7 0 0
SV -4016012.985 20888535.428 -323.415 31 7 0 0
SV 3167589.023 38487658.494 -740.633 120 6 2 2
SV 16170628.598 25038803.881 -4060.047 32 7 0 0
SV 8194582.777 23826666.352 -2984.130 2 7 0 0
SV -287090.800 25439716.055 1565.380 5 4 3 3
SV -10557706.793 23264997.903 2188.851 26 7 0 0
SV -4602437.136 24061362.113 2422.194 21 7 0 0
497640000 23597421 487137036 144755 98518 5279 7191
497640000 13 -160400 2016 4 1 18 13 43 7
497640000 1890 12 0
SV -10134742.263 21999557.863 1810.857 4 7 0 0
SV 16275754.874 24149199.232 -3982.257 12 5 3 3
SV 15829005.984 24717003.212 -4041.843 14 7 0 0
SV 9271870.838 21410877.071 -2900.003 25 7 0 0
SV -668357.921 20073993.362 -1135.468 29 7 0 0
SV -4006021.263 20890436.316 -342.610 31 7 0 0
SV 3189795.251 38491885.460 -740.681 120 6 2 2
SV 16292459.809 25061988.171 -4061.096 32 7 0 0
SV 8284301.877 23843739.104 -2997.055 2 7 0 0
SV -334030.194 25430786.133 1560.891 5 4 3 3
SV -10623302.955 23252515.379 2184.563 26 7 0 0
SV -4675032.437 24047546.636 2417.980 21 7 0 0
497670000 23597370 487137036 145759 99523 5184 8023
497670000 13 -175444 2016 4 1 18 14 13 7
497670000 1890 12 0
SV -10188955.485 21989242.115 1803.278 4 7 0 0
SV 16395189.462 24171923.063 -3984.358 12 5 3 3
SV 15950290.641 24740082.381 -4043.951 14 7 0 0
SV 9359036.873 21427464.201 -2910.155 25 7 0 0
SV -634052.132 20080522.187 -1151.751 29 7 0 0
SV -3995469.548 20892442.166 -360.904 31 7 0 0
SV 3212013.649 38496113.264 -740.607 120 6 2 2
SV 16414310.084 25085174.851 -4063.942 32 7 0 0
SV 8374403.553 23860884.641 -3009.870 2 7 0 0
SV -380702.456 25421905.298 1551.745 5 5 3 3
SV -10688770.308 23240056.708 2180.071 26 7 0 0
SV -4747490.514 24033757.037 2412.385 21 7 0 0
497700000 23597318 487136989 145776 99539 4845 8156
497700000 13 -190507 2016 4 1 18 14 43 7
497700000 1890 12 0
SV -10242926.923 21978973.272 1795.354 4 7 0 0
SV 16514734.854 24194681.863 -3986.737 12 5 1 1
SV 16071635.744 24763172.998 -4046.546 14 7 0 0
SV 9446514.841 21444112.808 -2920.785 25 7 0 0
SV -599252.873 20087141.927 -1168.280 29 7 0 0
SV -3984347.860 20894557.691 -379.909 31 7 0 0
SV 3234251.410 38500347.053 -740.648 120 6 2 2
SV 16536185.446 25108366.365 -4063.976 32 7 0 0
SV 8464894.743 23878105.248 -3022.303 2 7 0 0
SV -427093.269 25413078.210 1545.156 5 5 3 3
SV -10754098.830 23227624.405 2175.256 26 7 0 0
SV -4819800.298 24019994.347 2407.365 21 7 0 0
497730000 23597417 487136948 142009 95772 4486 6690
497730000 13 -205573 2016 4 1 18 15 13 7
497730000 1890 12 0
SV -10296658.959 21968747.253 1787.319 4 7 0 0
SV 16634387.314 24217459.563 -3989.161 12 7 0 0
SV 16193033.930 24786275.236 -4047.146 14 7 0 0
SV 9534300.132 21460815.302 -2931.093 25 7 0 0
SV -563965.284 20093855.776 -1184.058 29 7 0 0
SV -3972659.494 20896782.297 -399.015 31 7 0 0
SV 3256503.197 38504580.266 -741.471 120 6 2 2
SV 16658079.004 25131558.577 -4062.927 32 7 0 0
SV 8555769.505 23895397.873 -3035.370 2 7 0 0
SV -473203.846 25404304.049 1532.465 5 4 3 3
SV -10819291.307 23215218.941 2170.964 26 7 0 0
SV -4891963.394 24006260.241 2402.978 21 7 0 0
497760000 23597748 487136857 144071 97834 6961 7319
497760000 15 -220647 2016 4 1 18 15 43 7
497760000 1890 12 0
SV -10350157.022 21958567.651 1779.704 4 7 0 0
SV 16754139.055 24240251.170 -3992.961 12 7 0 0
SV 16314475.900 24809383.059 -4048.916 14 7 0 0
SV 9622385.534 21477576.759 -2940.660 25 7 0 0
SV -528196.943 20100661.989 -1199.614 29 7 0 0
SV -3960410.010 20899114.780 -417.696 31 7 0 0
SV 3278762.949 38508815.015 -742.204 120 6 2 2
SV 16779981.352 25154759.898 -4063.448 32 7 0 0
SV 8647019.147 23912763.719 -3047.956 2 7 0 0
SV -519037.742 25395580.371 1523.871 5 5 3 3
SV -10884353.100 23202838.291 2166.704 26 7 0 0
SV -4963983.995 23992547.441 2400.385 21 7 0 0
497790000 23597200 487136798 145446 99209 8598 9483
497790000 18 -235707 2016 4 1 18 16 13 7
497790000 1890 12 0
SV -10403419.160 21948430.994 1771.573 4 7 0 0
SV 16873989.902 24263058.640 -3996.612 12 7 0 0
SV 16435959.239 24832498.385 -4050.271 14 7 0 0
SV 9710770.967 21494398.211 -2951.314 25 7 0 0
SV -491948.089 20107561.037 -1216.153 29 7 0 0
SV -3947598.159 20901552.139 -436.562 31 7 0 0
SV 3301033.644 38513054.738 -742.763 120 6 2 2
SV 16901889.993 25177966.523 -4062.966 32 7 0 0
SV 8738642.540 23930199.854 -3060.205 2 7 0 0
SV -564591.307 25386906.025 1513.883 5 4 3 3
SV -10949282.577 23190483.030 2161.800 26 7 0 0
SV -5035858.915 23978859.682 2393.393 21 5 3 3
497820000 23596943 487136739 156649 110412 8855 12902
497820000 21 -250796 2016 4 1 18 16 43 7
497820000 1890 12 0
SV -10456436.796 21938339.481 1762.782 4 7 0 0
SV 16993946.337 24285886.421 -4000.066 12 7 0 0
SV 16557488.232 24855627.305 -4051.965 14 7 0 0
SV 9799462.877 21511277.213 -2962.113 25 7 0 0
SV -455213.398 20114551.525 -1232.626 29 7 0 0
SV -3934216.348 20904098.772 -455.829 31 7 0 0
SV 3323320.536 38517294.861 -742.819 120 6 2 2
SV 17023809.286 25201161.283 -4062.886 32 7 0 0
SV 8830644.836 23947706.733 -3072.787 2 7 0 0
SV -609855.371 25378303.870 1501.982 5 5 3 3
SV -11014071.343 23178153.980 2157.410 26 7 0 0
SV -5107579.349 23965213.804 2387.734 21 5 3 3
497850000 23596940 487136772 155389 109152 8311 13975
497850000 21 -265885 2016 4 1 18 17 13 7
497850000 1890 12 0
SV -10509205.077 21928301.435 1754.611 4 7 0 0
SV 17114011.467 24308733.974 -4003.934 12 7 0 0
SV 16679063.711 24878763.153 -4053.226 14 7 0 0
SV 9888464.454 21528211.044 -2971.850 25 7 0 0
SV -417989.664 20121637.116 -1249.525 29 7 0 0
SV -3920259.434 20906754.415 -475.076 31 7 0 0
SV 3345626.097 38521541.355 -743.948 120 6 2 2
SV 17145740.200 25224367.961 -4064.786 32 7 0 0
SV 8923027.811 23965286.466 -3085.860 2 7 0 0
SV -654822.276 25369739.303 1495.350 5 5 3 3
SV -11078714.414 23165853.339 2151.921 26 7 0 0
SV -5179139.302 23951608.375 2382.924 21 5 1 1
497880000 23596926 487136878 155307 109071 7188 14216
497880000 21 -280982 2016 4 1 18 17 43 7
497880000 1890 12 0
SV -10561733.473 21918305.182 1747.328 4 7 0 0
SV 17234174.405 24331604.055 -4006.667 12 5 3 3
SV 16800671.905 24901902.124 -4053.975 14 7 0 0
SV 9977764.254 21545204.345 -2981.387 25 7 0 0
SV -380288.780 20128811.284 -1264.273 29 7 0 0
SV -3905737.960 20909518.303 -493.212 31 7 0 0
SV 3367939.490 38525786.242 -744.181 120 6 2 2
SV 17267668.937 25247573.383 -4063.802 32 7 0 0
SV 9015778.365 23982936.925 -3097.487 2 7 0 0
SV -699500.301 25361237.993 1485.604 5 5 3 3
SV -11143221.377 23153576.692 2148.340 26 7 0 0
SV -5250546.410 23938025.963 2378.352 21 7 0 0
497910000 23597000 487136856 153255 107018 6670 14371
497910000 21 -296085 2016 4 1 18 18 13 7
497910000 1890 12 0
SV -10614016.558 21908355.853 1738.484 4 7 0 0
SV 17354436.561 24354490.818 -4010.721 12 7 0 0
SV 16922313.881 24925048.966 -4055.708 14 7 0 0
SV 10067365.334 21562256.105 -2992.224 25 7 0 0
SV -342107.575 20136077.084 -1281.064 29 7 0 0
SV -3890647.399 20912389.545 -512.499 31 7 0 0
SV 3390261.790 38530032.613 -743.997 120 6 2 2
SV 17389596.508 25270773.796 -4062.056 32 7 0 0
SV 9108898.741 24000657.482 -3110.087 2 7 0 0
SV -743883.155 25352788.633 1475.448 5 5 3 3
SV -11207587.288 23141327.913 2143.111 26 7 0 0
SV -5321794.731 23924468.837 2371.626 21 7 0 0
497940000 23597442 487136832 131057 84820 5765 8722
497940000 18 -311178 2016 4 1 18 18 43 7
497940000 1890 12 0
SV -10666048.386 21898457.584 1730.205 4 7 0 0
SV 17474803.422 24377387.423 -4012.689 12 5 3 3
SV 17043991.032 24948204.148 -4056.167 14 7 0 0
SV 10157271.616 21579365.520 -3001.959 25 7 0 0
SV -303443.246 20143435.090 -1296.726 29 7 0 0
SV -3874982.440 20915371.333 -531.580 31 7 0 0
SV 3412599.224 38534282.701 -745.099 120 6 2 2
SV 17511525.004 25293973.023 -4063.133 32 5 3 3
SV 9202391.184 24018447.961 -3122.628 2 7 0 0
SV -787962.528 25344398.237 1462.052 5 5 3 3
SV -11271806.381 23129107.160 2138.251 26 7 0 0
SV -5392877.514 23910942.562 2367.144 21 7 0 0
497970000 23597284 487136747 140256 94019 5853 9390
497970000 17 -326295 2016 4 1 18 19 13 7
497970000 1890 11 0
SV -10717840.004 21888598.368 1722.447 4 7 0 0
SV 17165688.508 24971363.152 -4055.695 14 7 0 0
SV 10247470.325 21596529.397 -3011.568 25 7 0 0
SV -264308.952 20150881.866 -1312.235 29 7 0 0
SV -3858754.589 20918458.591 -550.362 31 7 0 0
SV 3434941.440 38538534.272 -744.552 120 6 2 2
SV 17633438.089 25317173.594 -4064.253 32 5 1 1
SV 9296241.761 24036306.235 -3134.327 2 7 0 0
SV -831747.773 25336066.595 1456.050 5 5 3 3
SV -11335889.475 23116913.279 2134.022 26 7 0 0
SV -5463804.509 23897443.789 2361.675 21 7 0 0
498000000 23597278 487136637 139818 93581 6191 10419
498000000 19 -341412 2016 4 1 18 19 43 7
498000000 1890 12 0
SV -10769384.336 21878788.553 1714.107 4 7 0 0
SV 17715685.393 24423277.273 -4020.125 12 5 3 3
SV 17287408.768 24994524.320 -4056.946 14 7 0 0
SV 10337966.344 21613751.470 -3021.399 25 7 0 0
SV -224700.135 20158416.957 -1328.120 29 7 0 0
SV -3841957.413 20921655.348 -569.250 31 7 0 0
SV 3457294.970 38542789.019 -745.446 120 6 2 2
SV 17755340.414 25340370.971 -4062.441 32 5 3 3
SV 9390453.933 24054234.083 -3146.043 2 7 0 0
SV -875230.322 25327796.902 1443.049 5 5 3 3
SV -11399829.882 23104745.643 2129.095 26 7 0 0
SV -5534567.859 23883976.043 2355.636 21 7 0 0
498030000 23597379 487136548 131874 85638 6435 9649
498030000 20 -356536 2016 4 1 18 20 13 7
498030000 1890 12 0
SV -10820672.642 21869030.653 1705.646 4 7 0 0
SV 17836342.636 24446226.019 -4022.489 12 5 1 1
SV 17409156.798 25017690.915 -4059.686 14 7 0 0
SV 10428766.722 21631030.432 -3031.532 25 7 0 0
SV -184610.191 20166045.128 -1344.384 29 7 0 0
SV -3824582.736 20924961.554 -588.642 31 7 0 0
SV 3479669.392 38547046.174 -746.230 120 6 2 2
SV 17877235.503 25363567.126 -4062.846 32 4 3 3
SV 9485033.469 24072230.894 -3158.714 2 7 0 0
SV -918400.431 25319579.961 1432.448 5 5 3 3
SV -11463618.705 23092608.022 2124.111 26 7 0 0
SV -5605157.306 23870540.614 2350.095 21 7 0 0
498060000 23597415 487136462 131213 84977 6929 9614
498060000 21 -371675 2016 4 1 18 20 43 7
498060000 1890 13 0
SV -10871703.019 21859319.066 1697.101 4 7 0 0
SV 17957102.606 24469202.546 -4026.092 12 7 0 0
SV 17530930.106 25040867.143 -4061.325 14 7 0 0
SV 10519871.082 21648366.926 -3041.467 25 7 0 0
SV -144040.080 20173765.244 -1360.351 29 7 0 0
SV -3806629.702 20928376.858 -607.917 31 7 0 0
SV 3502063.433 38551310.135 -746.450 120 6 2 2
SV 17999120.738 25386764.853 -4061.701 32 5 3 3
SV 9579978.550 24090298.989 -3170.742 2 7 0 0
SV -961255.011 25311421.496 1422.918 5 7 0 0
SV -603136.867 25451273.893 2552.265 16 4 3 3
SV -11527254.367 23080498.618 2118.870 26 7 0 0
SV -5675570.557 23857136.369 2342.787 21 7 0 0
498090000 23597466 487136398 137370 91134 13865 14943
498090000 34 -386851 2016 4 1 18 21 13 7
498090000 1890 14 0
SV -10922480.562 21849656.985 1688.103 4 7 0 0
SV 18077958.203 24492204.272 -4030.842 12 7 0 0
SV 17652718.851 25064042.044 -4059.251 14 5 3 3
SV 10611272.206 21665758.948 -3052.091 25 7 0 0
SV -102997.458 20181575.333 -1377.216 29 7 0 0
SV -3788104.288 20931902.238 -627.683 31 7 0 0
SV 3524468.716 38555572.298 -747.586 120 6 2 2
SV 18120987.453 25409952.667 -4062.503 32 5 3 3
SV 9675280.475 24108434.616 -3183.191 2 7 0 0
SV -1003796.122 25303323.897 1412.741 5 7 0 0
SV -679655.095 25436706.835 2554.813 16 4 3 3
SV -11590742.228 23068415.651 2113.030 26 7 0 0
SV -5745811.789 23843767.652 2338.750 21 7 0 0
SV -114364.589 25648616.677 914.408 23 4 3 3
498120000 23597078 487137402 152634 106397 13441 13523
498120000 29 -402060 2016 4 1 18 21 43 7
498120000 1890 13 0
SV -10972997.237 21840042.893 1679.308 4 7 0 0
SV 18198915.600 24515223.535 -4034.185 12 7 0 0
SV 17774527.134 25087220.627 -4060.206 14 4 3 3
SV 10702976.059 21683209.497 -3062.365 25 7 0 0
SV -61476.612 20189476.512 -1392.515 29 7 0 0
SV -3768999.035 20935536.770 -647.151 31 7 0 0
SV 3546892.101 38559839.400 -747.615 120 6 2 2
SV 18242838.660 25433144.355 -4062.833 32 5 1 1
SV 9770944.154 24126637.374 -3195.573 2 7 0 0
SV -1046015.150 25295291.387 1402.353 5 5 1 1
SV -756146.524 25422137.665 2543.670 16 4 3 3
SV -11654074.283 23056363.065 2107.805 26 7 0 0
SV -5815872.113 23830440.677 2332.990 21 7 0 0
498150000 23597279 487137623 158530 112294 12063 12261
498150000 26 -417249 2016 4 1 18 22 13 7
498150000 1890 13 0
SV -11023252.404 21830480.208 1670.925 4 7 0 0
SV 18319973.068 24538255.588 -4036.804 12 7 0 0
SV 17896351.406 25110403.067 -4060.310 14 5 3 3
SV 10794981.279 21700716.829 -3072.128 25 7 0 0
SV -19479.507 20197466.636 -1407.619 29 7 0 0
SV -3749314.138 20939284.291 -666.043 31 7 0 0
SV 3569336.578 38564111.178 -748.569 120 6 2 2
SV 18364671.896 25456334.875 -4058.069 32 5 1 1
SV 9866966.505 24144911.644 -3206.345 2 7 0 0
SV -1087910.263 25287320.860 1390.676 5 7 0 0
SV -11717249.995 23044343.338 2103.384 26 7 0 0
SV -5885749.886 23817144.553 2326.453 21 7 0 0
SV -168502.365 25638377.047 878.764 23 4 3 3
498180000 23596915 487137208 157533 111296 9553 10297
498180000 21 -432414 2016 4 1 18 22 43 7
498180000 1890 12 0
SV -11073249.862 21820967.972 1663.196 4 7 0 0
SV 18441124.714 24561309.298 -4040.443 12 7 0 0
SV 18018183.852 25133590.480 -4061.142 14 5 3 3
SV 10887282.243 21718283.772 -3081.386 25 7 0 0
SV 22987.541 20205548.739 -1422.884 29 7 0 0
SV -3729054.200 20943140.144 -684.607 31 7 0 0
SV 3591795.001 38568384.492 -748.887 120 6 2 2
SV 9963340.924 24163249.310 -3217.972 2 7 0 0
SV -1129483.227 25279408.687 1380.938 5 7 0 0
SV -11780273.177 23032351.513 2098.666 26 7 0 0
SV -5955447.452 23803884.761 2319.683 21 7 0 0
SV -194864.504 25633424.570 867.771 23 4 3 3
498210000 23596834 487137104 153254 107017 8195 9584
498210000 19 -447588 2016 4 1 18 23 13 7
498210000 1890 12 0
SV -11122992.770 21811498.978 1653.453 4 7 0 0
SV 18562365.250 24584382.639 -4042.554 12 7 0 0
SV 18140016.615 25156775.101 -4061.286 14 5 3 3
SV 10979873.402 21735905.560 -3091.476 25 7 0 0
SV 65918.559 20213719.576 -1438.876 29 7 0 0
SV -3708223.521 20947104.537 -704.006 31 7 0 0
SV 3614261.192 38572660.406 -749.014 120 6 2 2
SV 18608241.267 25502678.500 -4057.244 32 4 3 3
SV 10060060.368 24181655.084 -3230.178 2 7 0 0
SV -1170736.093 25271554.048 1369.157 5 7 0 0
SV -11843147.363 23020384.747 2093.202 26 7 0 0
SV -6024967.611 23790657.374 2314.202 21 7 0 0
498240000 23597002 487136931 149555 103318 7546 9317
498240000 19 -462768 2016 4 1 18 23 43 7
498240000 1890 13 0
SV -11172479.412 21802083.888 1645.619 4 7 0 0
SV 18683694.856 24607474.599 -4045.829 12 7 0 0
SV 18261847.693 25179960.542 -4061.623 14 5 3 3
SV 11072754.589 21753575.999 -3100.779 25 7 0 0
SV 109312.967 20221978.223 -1454.212 29 7 0 0
SV -3686821.105 20951176.423 -722.751 31 7 0 0
SV 3636734.875 38576937.071 -749.080 120 6 2 2
SV 18729977.992 25525848.969 -4057.505 32 5 3 3
SV 10157123.226 24200127.064 -3240.903 2 7 0 0
SV -1211664.694 25263765.701 1359.582 5 5 3 3
SV -11905870.775 23008449.077 2088.099 26 7 0 0
SV -6094307.077 23777462.531 2308.543 21 7 0 0
SV -246204.576 25623690.455 835.832 23 4 3 3
498270000 23597243 487136820 155813 109576 7459 10687
498270000 20 -477964 2016 4 1 18 24 13 7
498270000 1890 13 0
SV -11221702.978 21792719.769 1635.884 4 7 0 0
SV 18805117.535 24630581.427 -4049.327 12 7 0 0
SV 18383679.064 25203142.179 -4062.059 14 5 3 3
SV 11165930.329 21771303.745 -3111.029 25 7 0 0
SV 153174.809 20230326.547 -1470.230 29 7 0 0
SV -3664841.248 20955358.821 -742.705 31 7 0 0
SV 3659219.169 38581215.829 -750.304 120 6 2 2
SV 18851681.388 25549004.902 -4058.784 32 5 3 3
SV 10254532.762 24218662.180 -3253.564 2 7 0 0
SV -1252262.941 25256020.126 1347.008 5 4 3 3
SV -11968436.865 22996544.050 2082.575 26 7 0 0
SV -6163459.136 23764300.460 2301.662 21 7 0 0
SV -271128.521 25618960.661 819.684 23 4 3 3
498300000 23597525 487136719 139810 93573 7548 9709
498300000 22 -493161 2016 4 1 18 24 43 7
498300000 1890 13 0
SV -11270655.860 21783402.260 1626.867 4 7 0 0
SV 18926639.586 24653701.797 -4052.089 12 7 0 0
SV 18505514.584 25226321.146 -4060.409 14 4 3 3
SV 11259406.499 21789093.562 -3121.225 25 7 0 0
SV 197509.714 20238761.756 -1485.677 29 7 0 0
SV -3642276.813 20959653.075 -762.039 31 7 0 0
SV 3681722.565 38585497.031 -750.537 120 6 2 2
SV 18973354.869 25572156.786 -4055.043 32 4 3 3
SV 10352293.286 24237265.665 -3264.143 2 7 0 0
SV -1292518.223 25248366.931 1333.019 5 4 3 3
SV -12030837.860 22984667.013 2077.339 26 7 0 0
SV -6232414.381 23751172.853 2296.461 21 7 0 0
SV -295484.605 25614356.211 806.069 23 4 3 3
498329999 23597280 487136728 143874 97637 16504 18060
498329999 42 -508388 2016 4 1 18 25 13 7
498330000 1890 13 0
SV -11319343.868 21774137.678 1618.158 4 7 0 0
SV 19048252.309 24676841.728 -4055.676 12 7 0 0
SV 18627343.996 25249503.639 -4060.792 14 4 3 3
SV 11353174.848 21806941.069 -3130.343 25 7 0 0
SV 242308.258 20247284.808 -1501.130 29 7 0 0
SV -3619134.919 20964058.191 -781.172 31 7 0 0
SV 3704237.826 38589781.967 -751.364 120 6 2 2
SV 19094987.981 25595310.991 -4052.508 32 4 3 3
SV 10450395.085 24255933.576 -3276.234 2 7 0 0
SV -1332433.341 25240783.957 1324.128 5 5 3 3
SV -12093080.060 22972822.800 2071.513 26 7 0 0
SV -6301177.490 23738079.292 2289.373 21 5 3 3
SV -319357.914 25609791.793 786.984 23 4 3 3
498359999 23597432 487136663 144073 97836 17858 19934
498359999 45 -523614 2016 4 1 18 25 43 7
498360000 1890 12 0
SV -11367766.823 21764922.602 1609.774 4 7 0 0
SV 19169954.412 24700000.208 -4058.335 12 7 0 0
SV 18749163.144 25272691.785 -4060.953 14 4 3 3
SV 11447233.711 21824838.762 -3140.196 25 7 0 0
SV 287568.545 20255897.154 -1516.387 29 7 0 0
SV -3595416.319 20968571.917 -799.947 31 7 0 0
SV 3726766.767 38594069.049 -750.604 120 6 2 2
SV 10548835.426 24274665.879 -3286.057 2 7 0 0
SV -1372015.731 25233256.020 1313.237 5 5 1 1
SV -12155163.123 22961011.358 2067.038 26 7 0 0
SV -6369748.266 23725031.554 2282.373 21 5 3 3
SV -342749.218 25605351.061 770.951 23 4 3 3
498390000 23597491 487137332 153444 107207 13969 15469
498390000 34 461128 2016 4 1 18 26 13 7
498390001 1890 12 0
SV -11415919.883 21755758.498 1600.552 4 7 0 0
SV 19291753.843 24723175.912 -4061.537 12 7 0 0
SV 11541590.324 21842793.466 -3150.460 25 7 0 0
SV 333295.559 20264597.902 -1531.852 29 7 0 0
SV -3571115.205 20973196.224 -819.625 31 7 0 0
SV 3749316.076 38598360.808 -751.482 120 6 2 2
SV 19338142.052 25641580.802 -4051.574 32 4 3 3
SV 10647620.278 24293462.747 -3298.513 2 7 0 0
SV -1411253.647 25225788.095 1301.992 5 7 0 0
SV -12217083.058 22949227.715 2061.480 26 7 0 0
SV -6438121.709 23712024.947 2275.127 21 7 0 0
SV -365731.849 25600993.637 755.825 23 4 3 3
498420000 23596963 487136764 150799 104562 10904 12100
498420000 26 445908 2016 4 1 18 26 43 7
498420001 1890 11 0
SV -11463801.642 21746647.408 1591.583 4 7 0 0
SV 19413638.803 24746366.414 -4064.069 12 7 0 0
SV 11636234.713 21860801.009 -3159.627 25 7 0 0
SV 379482.168 20273387.682 -1547.714 29 7 0 0
SV -3546235.411 20977929.386 -838.696 31 7 0 0
SV 3771879.589 38602653.334 -751.990 120 6 2 2
SV 10746737.837 24312326.520 -3309.127 2 7 0 0
SV -1450144.666 25218386.672 1291.549 5 7 0 0
SV -12278837.376 22937472.812 2055.604 26 7 0 0
SV -6506293.432 23699058.964 2268.430 21 7 0 0
SV -388152.347 25596659.352 737.226 23 4 3 3
498450000 23596757 487136849 145514 99277 9131 10643
498450000 23 430674 2016 4 1 18 27 13 7
498450001 1890 12 0
SV -11511417.741 21737586.382 1582.542 4 7 0 0
SV 19535607.191 24769576.582 -4066.900 12 7 0 0
SV 11731163.809 21878865.928 -3169.029 25 7 0 0
SV 426123.193 20282265.428 -1562.478 29 7 0 0
SV -3520781.352 20982773.340 -858.108 31 7 0 0
SV 3794451.118 38606949.508 -752.921 120 6 2 2
SV 19581056.519 25687811.350 -4048.554 32 4 3 3
SV 10846183.775 24331249.239 -3320.098 2 7 0 0
SV -1488693.021 25211050.426 1280.603 5 7 0 0
SV -12340432.261 22925750.332 2049.756 26 7 0 0
SV -6574268.827 23686126.451 2263.468 21 7 0 0
SV -410082.148 25592493.095 722.938 23 4 3 3
498480000 23597318 487136734 144784 98547 7904 9937
498480000 20 415415 2016 4 1 18 27 43 7
498480001 1890 12 0
SV -11558766.621 21728574.270 1573.518 4 7 0 0
SV 19657658.770 24792804.864 -4069.471 12 7 0 0
SV 19236151.636 25365383.677 -4054.860 14 4 3 3
SV 11826377.201 21896987.002 -3178.514 25 7 0 0
SV 473217.471 20291227.510 -1577.592 29 7 0 0
SV -3494752.508 20987726.724 -877.136 31 7 0 0
SV 3817031.361 38611245.961 -752.436 120 6 2 2
SV 10945956.903 24350234.867 -3331.536 2 7 0 0
SV -1526895.697 25203768.712 1266.259 5 4 3 3
SV -12401866.347 22914064.479 2044.660 26 7 0 0
SV -6642045.777 23673230.286 2255.635 21 7 0 0
SV -431539.665 25588442.795 706.831 23 4 3 3
498510000 23597420 487136725 142980 96743 7253 9515
498510000 19 400163 2016 4 1 18 28 13 7
498510001 1890 12 0
SV -11605846.688 21719617.439 1564.383 4 7 0 0
SV 19779792.609 24816045.988 -4072.617 12 7 0 0
SV 11921874.213 21915159.728 -3188.298 25 7 0 0
SV 520763.708 20300274.262 -1592.997 29 7 0 0
SV -3468148.657 20992789.207 -896.854 31 7 0 0
SV 3839623.828 38615545.486 -753.304 120 6 2 2
SV 19823703.767 25733987.226 -4048.798 32 4 3 3
SV 11046054.214 24369282.530 -3341.926 2 7 0 0
SV -1564749.607 25196568.159 1255.444 5 4 3 3
SV -12463138.100 22902404.959 2039.345 26 7 0 0
SV -6709621.840 23660371.675 2249.459 21 7 0 0
SV -452633.140 25584457.793 689.955 23 4 3 3
498540000 23597607 487136787 137394 91158 6847 8841
498540000 20 384909 2016 4 1 18 28 43 7
498540001 1890 12 0
SV -11652654.224 21710710.237 1555.337 4 7 0 0
SV 19902010.337 24839302.993 -4075.804 12 7 0 0
SV 19479632.473 25411724.126 -4051.908 14 4 3 3
SV 12017656.303 21933384.230 -3197.985 25 7 0 0
SV 568763.025 20309407.461 -1607.743 29 7 0 0
SV -3440967.055 20997962.638 -915.518 31 7 0 0
SV 3862227.580 38619846.737 -753.590 120 6 2 2
SV 19944950.868 25757074.492 -4048.845 32 4 3 3
SV 11146475.890 24388393.049 -3353.057 2 7 0 0
SV -1602249.387 25189440.896 1244.788 5 5 3 3
SV -12524244.079 22890774.232 2033.852 26 7 0 0
SV -6776992.419 23647550.110 2241.412 21 7 0 0
498570000 23597604 487136604 138733 92496 6547 8651
498570000 19 369643 2016 4 1 18 29 13 7
498570001 1890 12 0
SV -11699187.345 21701853.187 1546.708 4 7 0 0
SV 20024312.414 24862580.048 -4079.268 12 7 0 0
SV 12113723.445 21951664.240 -3206.950 25 7 0 0
SV 617214.904 20318629.553 -1622.709 29 7 0 0
SV -3413206.845 21003244.382 -934.917 31 7 0 0
SV 3884843.453 38624151.375 -753.908 120 6 2 2
SV 20066134.883 25780137.538 -4039.727 32 4 3 3
SV 11247221.043 24407564.312 -3363.577 2 7 0 0
SV -1639392.293 25182372.145 1233.533 5 5 1 1
SV -12585182.241 22879180.412 2028.845 26 7 0 0
SV -6844154.801 23634767.354 2235.960 21 7 0 0
SV -493223.449 25576699.863 660.306 23 4 3 3
498600000 23597744 487136458 134131 87894 6281 8136
498600000 18 354369 2016 4 1 18 29 43 7
498600001 1890 12 0
SV -11745444.259 21693051.350 1537.077 4 7 0 0
SV 20146697.408 24885873.017 -4081.758 12 5 3 3
SV 19722872.933 25458039.900 -4038.353 14 4 3 3
SV 12210075.148 21970001.801 -3216.689 25 7 0 0
SV 666118.062 20327935.317 -1637.897 29 7 0 0
SV -3384867.707 21008637.058 -954.375 31 7 0 0
SV 3907468.940 38628457.460 -754.145 120 6 2 2
SV 11348287.621 24426798.831 -3374.742 2 7 0 0
SV -1676175.480 25175372.269 1220.276 5 7 0 0
SV -12645951.140 22867616.310 2022.865 26 7 0 0
SV -6911106.657 23622024.699 2228.203 21 7 0 0
SV -512772.860 25572976.911 642.139 23 4 3 3
498630000 23597703 487136422 131162 84925 6545 8402
498630000 20 339100 2016 4 1 18 30 13 7
498630001 1890 10 0
SV -11791423.958 21684302.108 1528.234 4 7 0 0
SV 20269165.060 24909184.292 -4082.222 12 5 3 3
SV 12306710.516 21988390.213 -3225.606 25 7 0 0
SV 715470.975 20337327.129 -1652.859 29 7 0 0
SV -3355949.360 21014140.089 -973.339 31 7 0 0
SV 3930102.431 38632761.888 -754.298 120 6 2 2
SV 11449673.267 24446093.991 -3383.802 2 7 0 0
SV -1712596.428 25168441.060 1207.857 5 7 0 0
SV -12706549.545 22856082.885 2017.034 26 7 0 0
SV -6977845.631 23609323.488 2220.860 21 7 0 0
498660000 23597511 487136194 133777 87540 6632 8327
498660000 19 323808 2016 4 1 18 30 43 7
498660001 1890 10 0
SV -11837124.612 21675605.949 1518.685 4 7 0 0
SV 20391714.688 24932503.978 -4087.487 12 5 3 3
SV 12403628.942 22006834.674 -3235.057 25 7 0 0
SV 765272.403 20346803.836 -1667.202 29 7 0 0
SV -3326451.713 21019753.510 -992.729 31 7 0 0
SV 3952747.127 38637073.016 -755.155 120 6 2 2
SV 11551375.869 24465444.729 -3395.873 2 7 0 0
SV -1748651.245 25161571.433 1195.474 5 7 0 0
SV -12766975.939 22844586.559 2011.374 26 7 0 0
SV -7044369.204 23596665.816 2213.438 21 7 0 0
498690000 23597313 487136136 140429 94192 9598 12304
498690000 26 308488 2016 4 1 18 31 13 7
498690001 1890 11 0
SV -11882552.248 21666961.826 1509.597 4 7 0 0
SV 20514337.927 24955830.085 -4088.701 12 5 1 1
SV 12500822.321 22025329.409 -3244.166 25 7 0 0
SV 815513.813 20356366.067 -1682.277 29 7 0 0
SV -3296381.947 21025475.855 -1011.793 31 7 0 0
SV 3975395.965 38641383.465 -755.673 120 6 2 2
SV 11653386.033 24484858.341 -3405.008 2 7 0 0
SV -1784345.007 25154784.991 1182.665 5 7 0 0
SV -12827236.439 22833119.777 2005.484 26 7 0 0
SV -7110682.544 23584046.638 2206.485 21 7 0 0
SV -568438.762 25562407.192 593.230 23 4 3 3
498720000 23596735 487136357 146884 100647 9783 13779
498720000 27 293189 2016 4 1 18 31 43 7
498720001 1890 11 0
SV -11927697.322 21658371.677 1500.275 4 7 0 0
SV 20637042.631 24979176.086 -4092.482 12 7 0 0
SV 12598298.009 22043878.118 -3253.686 25 7 0 0
SV 866202.116 20366008.569 -1696.848 29 7 0 0
SV -3265731.712 21031306.898 -1030.991 31 7 0 0
SV 3998056.550 38645694.244 -755.006 120 6 2 2
SV 11755709.746 24504328.631 -3415.375 2 7 0 0
SV -1819666.908 25148069.467 1170.932 5 7 0 0
SV -12887321.543 22821683.515 2000.172 26 7 0 0
SV -7176775.213 23571472.203 2199.852 21 7 0 0
SV -586056.395 25559076.801 576.112 23 5 3 3
498750000 23597115 487136598 144242 98005 8905 13068
498750000 25 277887 2016 4 1 18 32 13 7
498750001 1890 11 0
SV -11972559.887 21649834.088 1491.243 4 7 0 0
SV 20759826.405 25002542.678 -4094.406 12 7 0 0
SV 12696053.894 22062479.457 -3262.788 25 7 0 0
SV 917334.121 20375737.990 -1711.307 29 7 0 0
SV -3234502.216 21037249.709 -1050.151 31 7 0 0
SV 4020725.765 38650007.502 -755.918 120 6 2 2
SV 11858343.369 24523857.588 -3426.027 2 7 0 0
SV -1854616.037 25141420.340 1159.366 5 7 0 0
SV -12947231.340 22810283.968 1994.380 26 7 0 0
SV -7242646.679 23558938.113 2192.018 21 7 0 0
SV -603101.526 25555823.190 558.914 23 4 3 3
498780000 23597208 487136766 142252 96015 8849 13272
498780000 26 262588 2016 4 1 18 32 43 7
498780001 1890 11 0
SV -12017142.148 21641348.205 1481.967 4 7 0 0
SV 20882684.882 25025923.736 -4096.845 12 7 0 0
SV 12794085.554 22081132.763 -3271.961 25 7 0 0
SV 968905.469 20385551.801 -1726.171 29 7 0 0
SV -3202697.087 21043301.287 -1069.418 31 7 0 0
SV 4043400.932 38654320.515 -756.090 120 6 2 2
SV 11961281.319 24543446.051 -3436.099 2 7 0 0
SV -1889193.856 25134838.903 1146.507 5 7 0 0
SV -13006968.110 22798916.111 1988.838 26 7 0 0
SV -7308298.332 23546444.996 2184.978 21 7 0 0
SV -619652.698 25552701.974 543.897 23 4 3 3
498810000 23597598 487136822 137959 91722 9122 13446
498810000 27 247283 2016 4 1 18 33 13 7
498810001 1890 12 0
SV -12061442.452 21632918.336 1471.693 4 7 0 0
SV 21005617.760 25049321.581 -4097.465 12 5 3 3
SV 12892392.477 22099838.995 -3282.061 25 7 0 0
SV 1020914.279 20395448.343 -1741.065 29 7 0 0
SV -3170316.211 21049464.722 -1089.361 31 7 0 0
SV 4066083.621 38658638.240 -756.550 120 6 2 2
SV 12064521.557 24563091.454 -3447.262 2 7 0 0
SV -1923396.161 25128325.679 1134.658 5 7 0 0
SV -2482594.834 25088512.938 2531.632 16 4 3 3
SV -13066530.249 22787580.851 1982.139 26 7 0 0
SV -7373727.414 23533993.097 2177.052 21 7 0 0
SV -635709.219 25549625.745 527.346 23 4 3 3
498840000 23597697 487136867 131137 84900 8151 11870
498840000 26 231964 2016 4 1 18 33 43 7
498840001 1890 12 0
SV -12105455.352 21624543.785 1461.950 4 7 0 0
SV 21128628.113 25072726.738 -4101.893 12 5 3 3
SV 12990977.725 22118602.254 -3291.200 25 7 0 0
SV 1073363.459 20405431.857 -1755.989 29 7 0 0
SV -3137355.567 21055736.435 -1108.742 31 7 0 0
SV 4088779.362 38662957.326 -756.732 120 6 2 2
SV 12168065.620 24582792.209 -3456.329 2 7 0 0
SV -1957217.091 25121884.368 1120.646 5 7 0 0
SV -2558499.029 25074064.786 2529.019 16 4 3 3
SV -13125912.585 22776283.720 1976.360 26 7 0 0
SV -7438928.197 23521584.439 2170.137 21 7 0 0
SV -651264.308 25546665.141 509.967 23 4 3 3
498870000 23597398 487136884 127581 81345 7913 11646
498870000 27 216654 2016 4 1 18 34 13 7
498870001 1890 11 0
SV -12149183.108 21616222.648 1452.363 4 7 0 0
SV 21251711.490 25096145.401 -4103.638 12 5 3 3
SV 13089837.199 22137416.835 -3300.342 25 7 0 0
SV 1126248.358 20415495.537 -1770.337 29 7 0 0
SV -3103818.189 21062118.485 -1127.924 31 7 0 0
SV 4111486.274 38667278.802 -757.910 120 6 2 2
SV 12271908.129 24602552.242 -3466.238 2 7 0 0
SV -1990657.071 25115526.905 1108.532 5 7 0 0
SV -2634367.333 25059619.339 2527.726 16 4 3 3
SV -13185117.115 22765018.383 1970.429 26 7 0 0
SV -7503901.533 23509218.621 2161.832 21 7 0 0
498900000 23597246 487136596 135086 88849 7775 11645
498900000 25 201307 2016 4 1 18 34 43 7
498900001 1890 11 0
SV -12192620.355 21607959.883 1443.414 4 7 0 0
SV 21374871.134 25119581.393 -4105.298 12 5 1 1
SV 13188973.661 22156282.788 -3308.345 25 7 0 0
SV 1179570.910 20425641.913 -1783.971 29 7 0 0
SV -3069700.819 21068611.711 -1146.398 31 7 0 0
SV 4134205.796 38671601.937 -757.125 120 6 2 2
SV 12376050.425 24622371.815 -3475.340 2 7 0 0
SV -2023710.328 25109240.847 1095.700 5 7 0 0
SV -13244138.924 22753783.688 1965.095 26 7 0 0
SV -7568641.938 23496900.617 2154.565 21 7 0 0
SV -681037.413 25541023.678 477.668 23 5 3 3
498930000 23597313 487136362 139668 93431 9596 13333
498930000 29 185947 2016 4 1 18 35 13 7
498930001 1890 11 0
SV -12235776.267 21599745.559 1433.927 4 7 0 0
SV 21498096.339 25143029.826 -4108.212 12 7 0 0
SV 13288376.357 22175197.097 -3317.727 25 7 0 0
SV 1233319.923 20435872.348 -1798.513 29 7 0 0
SV -3035013.457 21075213.094 -1165.858 31 7 0 0
SV 4156926.976 38675926.467 -756.576 120 6 2 2
SV 12480480.575 24642244.856 -3486.014 2 7 0 0
SV -2056384.408 25103022.986 1082.683 5 7 0 0
SV -13302986.655 22742587.786 1958.490 26 7 0 0
SV -7633157.123 23484623.604 2146.153 21 7 0 0
SV -695096.916 25538352.591 461.078 23 5 3 3
498960000 23597418 487136346 147249 101012 10404 15196
498960000 33 170592 2016 4 1 18 35 43 7
498960001 1890 12 0
SV -12278639.327 21591587.199 1423.906 4 7 0 0
SV 21621395.573 25166493.476 -4112.511 12 7 0 0
SV 13388053.999 22194163.250 -3327.090 25 7 0 0
SV 1287503.331 20446181.710 -1813.221 29 7 0 0
SV -2999746.757 21081923.785 -1185.299 31 7 0 0
SV 4179658.282 38680252.341 -757.980 120 6 2 2
SV 12585205.605 24662172.097 -3496.049 2 7 0 0
SV -2088666.535 25096878.590 1069.836 5 7 0 0
SV -2861735.804 25016345.364 2525.658 16 4 3 3
SV -13361649.415 22731426.312 1952.495 26 7 0 0
SV -7697435.462 23472395.469 2138.463 21 7 0 0
SV -708651.777 25535771.581 444.005 23 5 1 1
498990000 23597420 487136573 146552 100315 9361 14248
498990000 31 155256 2016 4 1 18 36 13 7
498990001 1890 12 0
SV -12321213.430 21583486.685 1414.384 4 7 0 0
SV 21744763.255 25189971.505 -4114.024 12 7 0 0
SV 13488000.650 22213180.934 -3335.916 25 7 0 0
SV 1342114.724 20456574.204 -1827.786 29 7 0 0
SV -2963905.617 21088743.399 -1204.602 31 7 0 0
SV 4202392.721 38684576.907 -757.869 120 6 2 2
SV 12690218.194 24682157.884 -3504.430 2 7 0 0
SV -2120560.129 25090805.198 1056.523 5 7 0 0
SV -2937466.719 25001935.131 2523.649 16 4 3 3
SV -13420130.991 22720292.899 1946.792 26 7 0 0
SV -7761479.612 23460209.127 2131.382 21 7 0 0
SV -721784.883 25533288.363 427.481 23 4 3 3
499020000 23597359 487136464 145866 99629 8485 12962
499020000 28 139909 2016 4 1 18 36 43 7
499020001 1890 11 0
SV -12363492.917 21575441.105 1404.779 4 7 0 0
SV 21868203.135 25213464.419 -4115.732 12 7 0 0
SV 13588220.040 22232255.069 -3345.362 25 7 0 0
SV 1397156.770 20467047.703 -1841.677 29 7 0 0
SV -2927485.848 21095672.898 -1223.443 31 7 0 0
SV 4225136.063 38688906.149 -757.755 120 6 2 2
SV 12795520.733 24702197.836 -3514.086 2 7 0 0
SV -2152057.279 25084806.355 1043.885 5 7 0 0
SV -3013166.855 24987519.157 2528.882 16 4 3 3
SV -13478425.536 22709201.575 1940.650 26 7 0 0
SV -7825283.135 23448066.288 2122.945 21 7 0 0
499050000 23597521 487136392 147414 101177 7892 12210
499050000 27 124554 2016 4 1 18 37 13 7
499050001 1890 11 0
SV -12405482.430 21567450.965 1394.979 4 7 0 0
SV 21991708.045 25236962.045 -4118.251 12 5 3 3
SV 13688705.118 22251377.366 -3354.366 25 7 0 0
SV 1452622.052 20477600.705 -1856.137 29 7 0 0
SV -2890493.556 21102713.154 -1242.494 31 7 0 0
SV 4247884.044 38693234.012 -757.863 120 6 2 2
SV 12901104.613 24722286.335 -3524.169 2 7 0 0
SV -2183161.524 25078892.057 1030.035 5 7 0 0
SV -3088826.660 24973100.583 2517.670 16 4 3 3
SV -13536537.930 22698145.833 1933.418 26 7 0 0
SV -7888850.324 23435968.383 2115.511 21 7 0 0
499080000 23597531 487136313 146045 99808 7304 11413
499080000 25 109205 2016 4 1 18 37 43 7
499080001 1890 11 0
SV -12447176.786 21559517.729 1384.609 4 7 0 0
SV 22115280.907 25260474.433 -4123.592 12 5 3 3
SV 13789458.725 22270549.065 -3363.500 25 7 0 0
SV 1508512.914 20488235.914 -1870.585 29 7 0 0
SV -2852925.445 21109862.595 -1261.831 31 7 0 0
SV 4270639.565 38697564.336 -758.351 120 6 2 2
SV 13006971.534 24742433.815 -3534.421 2 7 0 0
SV -2213867.717 25073050.160 1016.290 5 7 0 0
SV -3164453.886 24958715.199 2520.140 16 4 3 3
SV -13594463.062 22687120.925 1927.412 26 7 0 0
SV -7952175.360 23423915.344 2106.769 21 7 0 0
499110000 23597290 487136058 147664 101427 7429 11752
499110000 25 93850 2016 4 1 18 38 13 7
499110001 1890 11 0
SV -12488570.466 21551639.759 1374.562 4 7 0 0
SV 22238925.040 25283987.677 -4123.302 12 4 3 3
SV 13890484.170 22289770.794 -3372.152 25 7 0 0
SV 1564831.768 20498954.920 -1884.375 29 7 0 0
SV -2814777.533 21117121.537 -1281.222 31 7 0 0
SV 4293404.085 38701895.532 -759.362 120 6 2 2
SV 13113123.268 24762633.228 -3544.175 2 7 0 0
SV -2244168.557 25067283.195 1002.844 5 7 0 0
SV -3240034.680 24944353.094 2519.752 16 5 1 1
SV -13652195.496 22676134.093 1921.455 26 7 0 0
SV -8015251.620 23411911.967 2099.030 21 7 0 0
499140000 23597463 487136156 150158 103921 7391 12605
499140000 25 78480 2016 4 1 18 38 43 7
499140001 1890 11 0
SV -12529664.675 21543819.164 1364.511 4 7 0 0
SV 22362636.756 25307534.669 -4125.447 12 4 3 3
SV 13991778.001 22309047.631 -3380.937 25 7 0 0
SV 1621574.403 20509753.952 -1898.639 29 7 0 0
SV -2776052.757 21124490.310 -1300.648 31 7 0 0
SV 4316176.976 38706229.329 -759.637 120 6 2 2
SV 13219555.039 24782885.305 -3552.291 2 7 0 0
SV -2274064.247 25061598.874 989.055 5 7 0 0
SV -3315573.387 24929984.184 2515.830 16 7 0 0
SV -13709736.483 22665186.054 1914.913 26 7 0 0
SV -8078079.920 23399956.840 2090.252 21 7 0 0
499170000 23597419 487136214 156835 110598 7484 14590
499170000 27 63099 2016 4 1 18 39 13 7
499170001 1890 11 0
SV -12570455.081 21536058.512 1354.494 4 7 0 0
SV 22486419.156 25331096.512 -4127.472 12 4 3 3
SV 14093342.446 22328377.761 -3390.590 25 7 0 0
SV 1678742.726 20520631.860 -1912.923 29 7 0 0
SV -2736747.843 21131970.067 -1320.094 31 7 0 0
SV 4338962.224 38710564.120 -759.878 120 6 2 2
SV 13326267.621 24803191.600 -3561.194 2 7 0 0
SV -2303549.227 25055979.101 976.601 5 7 0 0
SV -3391066.344 24915619.374 2515.757 16 7 0 0
SV -13767081.706 22654271.902 1907.535 26 7 0 0
SV -8140654.944 23388050.086 2081.046 21 7 0 0
499200000 23597665 487136498 135632 89395 7021 12485
499200000 29 47745 2016 4 1 18 39 43 7
499200001 1890 11 0
SV -12610939.223 21528354.869 1344.619 4 7 0 0
SV 22610272.290 25354673.640 -4128.588 12 4 3 3
SV 14195177.667 22347757.309 -3398.587 25 7 0 0
SV 1736336.737 20531590.998 -1926.739 29 7 0 0
SV -2696862.379 21139559.969 -1338.896 31 7 0 0
SV 4361761.635 38714903.029 -759.604 120 6 2 2
SV 13433259.855 24823554.730 -3570.840 2 7 0 0
SV -2332619.749 25050446.387 961.894 5 7 0 0
SV -3466511.124 24901274.894 2514.913 16 7 0 0
SV -13824228.603 22643395.827 1901.445 26 7 0 0
SV -8202973.488 23376191.738 2073.399 21 7 0 0
499230000 23597396 487136147 146030 99793 7014 12477
499230000 26 32340 2016 4 1 18 40 13 7
499230001 1890 10 0
SV -12651116.345 21520708.532 1333.747 4 7 0 0
SV 14297282.161 22367184.550 -3408.072 25 7 0 0
SV 1794353.590 20542630.895 -1940.570 29 7 0 0
SV -2656397.129 21147260.488 -1358.454 31 7 0 0
SV 4384577.004 38719245.097 -760.495 120 6 2 2
SV 13540528.852 24843968.291 -3581.046 2 7 0 0
SV -2361274.320 25044999.092 948.013 5 7 0 0
SV -3541907.431 24886928.808 2510.557 16 5 1 1
SV -13881176.538 22632561.441 1895.011 26 7 0 0
SV -8265034.055 23364382.373 2064.467 21 7 0 0
499260000 23597495 487136282 142816 96579 7272 13121
499260000 27 16955 2016 4 1 18 40 43 7
499260001 1890 10 0
SV -12690984.491 21513122.277 1323.795 4 7 0 0
SV 14399655.610 22386663.373 -3416.825 25 7 0 0
SV 1852792.240 20553751.937 -1955.210 29 7 0 0
SV -2615351.921 21155071.939 -1377.778 31 7 0 0
SV 4407407.078 38723591.510 -760.900 120 6 2 2
SV 13648072.831 24864428.078 -3589.303 2 7 0 0
SV -2389509.499 25039628.142 934.063 5 7 0 0
SV -3617254.241 24872586.107 2510.130 16 7 0 0
SV -13937923.633 22621762.164 1888.403 26 7 0 0
SV -8326834.193 23352622.671 2055.789 21 7 0 0
499290000 23597502 487136294 139574 93337 7405 13365
499290000 28 1551 2016 4 1 18 41 13 7
499290001 1890 11 0
SV -12730536.814 21505594.951 1312.878 4 7 0 0
SV 14502302.007 22406196.762 -3426.741 25 7 0 0
SV 1911656.275 20564955.011 -1969.712 29 7 0 0
SV -2573722.783 21162992.645 -1397.478 31 7 0 0
SV 4430254.554 38727939.075 -761.894 120 6 2 2
SV 13755894.317 24884955.520 -3599.403 2 5 1 1
SV -2417318.442 25034331.338 919.769 5 7 0 0
SV -3692545.518 24858253.406 2508.566 16 7 0 0
SV -13994463.632 22611002.761 1881.011 26 7 0 0
SV -8388366.911 23340913.086 2045.987 21 7 0 0
SV -826354.658 25513776.664 255.385 23 4 3 3
499320000 23597523 487136343 139285 93048 7492 13660
499320000 28 -13863 2016 4 1 18 41 43 7
499320000 1890 11 0
SV -12769778.105 21198335.077 1303.197 4 7 0 0
SV 14605215.294 22125990.641 -3434.295 25 7 0 0
SV 1970938.773 20276442.656 -1982.862 29 7 0 0
SV -2531514.569 20871232.403 -1416.170 31 7 0 0
SV 4453113.954 38432495.179 -761.653 120 6 2 2
SV 13863986.086 24605735.406 -3608.211 2 7 0 0
SV -2444704.289 24729329.871 905.836 5 7 0 0
SV -3767785.494 24544151.441 2508.237 16 7 0 0
SV -14050800.378 22300489.678 1874.536 26 7 0 0
SV -8449635.523 23029462.089 2038.457 21 7 0 0
SV -833767.552 25212596.096 238.737 23 4 3 3
499350000 23597503 487136422 138668 92431 7396 13677
499350000 28 -29284 2016 4 1 18 42 13 7
499350000 1890 11 0
SV -12808705.270 21190926.884 1292.537 4 7 0 0
SV 14708395.986 22145626.447 -3443.658 25 7 0 0
SV 2030639.604 20287801.806 -1997.498 29 7 0 0
SV -2488726.293 20879375.704 -1436.436 31 7 0 0
SV 4475984.191 38436846.426 -762.199 120 6 2 2
SV 13972347.120 24626346.573 -3616.412 2 7 0 0
SV -2471662.639 24724193.417 892.085 5 7 0 0
SV -3842972.103 24529857.130 2505.027 16 4 3 3
SV -14106931.114 22289806.934 1867.274 26 7 0 0
SV -8510636.497 23017853.907 2028.501 21 7 0 0
SV -840658.724 25211280.385 220.521 23 4 3 3
499380000 23597531 487136448 138050 91814 7191 13382
499380000 28 -44712 2016 4 1 18 42 43 7
499380000 1890 11 0
SV -12847318.213 21183579.662 1281.725 4 7 0 0
SV 23354209.574 25196558.072 -4143.170 12 4 3 3
SV 14811841.954 22165309.961 -3452.388 25 7 0 0
SV 2090756.204 20299241.052 -2011.083 29 7 0 0
SV -2445359.918 20887628.645 -1455.303 31 7 0 0
SV 4498865.780 38441200.692 -763.176 120 6 2 2
SV 14080973.897 24647018.677 -3625.380 2 7 0 0
SV -2498192.393 24719146.203 877.598 5 7 0 0
SV -14162855.653 22279166.053 1860.558 26 7 0 0
SV -8571369.001 23006295.459 2019.622 21 7 0 0
SV -847029.669 25210065.501 204.416 23 4 3 3
499410000 23597684 487136245 142921 96684 9556 15730
499410000 34 -60173 2016 4 1 18 43 13 7
499410000 1890 12 0
SV -12885616.860 21176292.311 1271.216 4 7 0 0
SV 23478536.069 25220231.684 -4143.617 12 5 3 3
SV 14915550.761 22185044.831 -3460.989 25 7 0 0
SV 2151285.197 20310760.796 -2024.559 29 7 0 0
SV -2401417.385 20895988.050 -1474.442 31 7 0 0
SV 4521758.286 38445556.074 -763.438 120 6 2 2
SV 14189862.544 24667749.082 -3634.334 2 7 0 0
SV -2524293.071 24714179.906 862.958 5 7 0 0
SV -3993185.407 24501266.728 2502.703 16 5 3 3
SV -14218574.218 22268565.674 1854.049 26 7 0 0
SV -8631832.328 22994787.721 2009.990 21 7 0 0
SV -852880.084 25208948.879 187.129 23 5 3 3
499440000 23597308 487136340 138079 91842 11618 20176
499440000 46 -75608 2016 4 1 18 43 43 7
499440000 1890 11 0
SV -12923591.371 21169064.291 1260.704 4 7 0 0
SV 23602933.604 25243903.305 -4147.518 12 4 3 3
SV 15019530.124 22204832.121 -3470.746 25 7 0 0
SV 2212234.230 20322359.990 -2038.638 29 7 0 0
SV -2356890.284 20904461.544 -1493.620 31 7 0 0
SV 4544670.315 38449918.419 -763.387 120 6 2 2
SV 14299019.658 24688515.958 -3643.355 2 7 0 0
SV -2549953.700 24709298.033 848.675 5 7 0 0
SV -14274076.747 22258002.498 1846.691 26 7 0 0
SV -8692016.191 22983335.265 2001.395 21 7 0 0
SV -858201.024 25207928.634 168.086 23 5 3 3
499470000 23597422 487136076 141826 95589 9689 17278
499470000 38 -91076 2016 4 1 18 44 13 7
499470000 1890 11 0
SV -12961244.551 21161899.284 1249.739 4 7 0 0
SV 23727396.950 25267584.612 -4149.681 12 4 3 3
SV 15123774.884 22224670.401 -3479.061 25 7 0 0
SV 2273596.714 20334035.844 -2052.304 29 7 0 0
SV -2311783.582 20913045.219 -1513.187 31 7 0 0
SV 4567594.725 38454279.909 -764.615 120 6 2 2
SV 14408438.773 24709330.421 -3651.727 2 7 0 0
SV -2575175.914 24704502.033 833.624 5 7 0 0
SV -14329366.118 22247480.488 1839.102 26 7 0 0
SV -8751922.772 22971934.828 1992.289 21 7 0 0
SV -862995.988 25207013.493 151.366 23 4 3 3
499500000 23597084 487135720 155145 108908 9202 17021
499500000 34 -106564 2016 4 1 18 44 43 7
499500000 1890 11 0
SV -12998573.992 21154796.121 1239.268 4 7 0 0
SV 15228285.181 22244558.973 -3487.194 25 7 0 0
SV 2335372.359 20345789.525 -2065.806 29 7 0 0
SV -2266096.660 20921740.348 -1532.197 31 7 0 0
SV 4590534.053 38458643.877 -764.696 120 6 2 2
SV 14518118.269 24730209.833 -3660.116 2 7 0 0
SV -2599957.372 24699781.417 818.386 5 7 0 0
SV -4218145.659 24458452.567 2496.344 16 5 3 3
SV -14384440.004 22237002.697 1832.731 26 7 0 0
SV -8811548.967 22960587.807 1983.047 21 7 0 0
SV -867263.192 25206201.674 134.356 23 4 3 3
499530000 23597070 487135874 147031 100794 9202 17261
499530000 35 -122024 2016 4 1 18 45 13 7
499530000 1890 10 0
SV -13035576.014 21147755.603 1227.849 4 7 0 0
SV 15333062.415 22264496.196 -3497.264 25 7 0 0
SV 2397562.015 20357626.322 -2080.445 29 7 0 0
SV -2219827.615 20930543.442 -1552.487 31 7 0 0
SV 4613492.733 38463013.272 -765.997 120 6 2 2
SV 14628058.308 24751132.225 -3669.682 2 7 0 0
SV -2624292.096 24695148.734 803.099 5 5 3 3
SV -4292979.229 24444207.029 2494.049 16 5 1 1
SV -14439294.569 22226560.731 1824.223 26 7 0 0
SV -8870890.331 22949296.923 1973.095 21 7 0 0
499560000 23597387 487136053 142377 96140 9258 17972
499560000 36 -137497 2016 4 1 18 45 43 7
499560000 1890 11 0
SV -13072253.791 21140776.581 1216.876 4 7 0 0
SV 15438101.136 22284479.975 -3505.869 25 7 0 0
SV 2460159.631 20369538.120 -2094.335 29 7 0 0
SV -2172981.549 20939457.764 -1571.749 31 7 0 0
SV 4636465.480 38467384.551 -766.898 120 6 2 2
SV 14738251.971 24772093.497 -3676.241 2 7 0 0
SV -2648182.525 24690601.189 788.188 5 4 3 3
SV -4367752.279 24429970.391 2492.295 16 5 3 3
SV -14493933.031 22216165.252 1817.395 26 7 0 0
SV -8929949.487 22938058.808 1963.182 21 7 0 0
SV -874523.862 25204911.003 97.217 23 4 3 3
499590000 23597504 487136190 139036 92799 8887 17650
499590000 35 -152986 2016 4 1 18 46 13 7
499590000 1890 11 0
SV -13108603.727 21133859.210 1205.850 4 7 0 0
SV 15543402.693 22304520.940 -3514.865 25 7 0 0
SV 2523165.569 20381527.623 -2107.937 29 7 0 0
SV -2125557.066 20948483.941 -1590.567 31 7 0 0
SV 4659457.764 38471760.071 -766.844 120 6 2 2
SV 14848699.013 24793110.330 -3685.622 2 7 0 0
SV -2671624.358 24686150.773 776.225 5 5 3 3
SV -4442461.284 24415752.372 2485.996 16 5 3 3
SV -14548351.719 22205809.438 1809.949 26 7 0 0
SV -8988722.489 22926874.824 1953.950 21 7 0 0
SV -877201.937 25204443.337 83.042 23 4 3 3
499620000 23597399 487136277 140129 93892 8016 16081
499620000 32 -168491 2016 4 1 18 46 43 7
499620000 1890 11 0
SV -13144619.106 21127006.439 1194.863 4 7 0 0
SV 15648971.298 22324611.114 -3524.123 25 7 0 0
SV 2586583.408 20393593.838 -2120.806 29 7 0 0
SV -2077549.335 20957620.753 -1610.267 31 7 0 0
SV 4682472.805 38476139.762 -767.700 120 6 2 2
SV 14959402.808 24814183.527 -3694.252 2 7 0 0
SV -2694611.228 24681786.299 759.812 5 5 1 1
SV -4517100.444 24401556.865 2487.523 16 4 3 3
SV -14602544.040 22195493.166 1802.172 26 7 0 0
SV -9047201.617 22915745.912 1944.503 21 7 0 0
SV -879355.732 25203974.083 63.235 23 5 3 3
499650000 23597325 487136300 136509 90272 7453 14846
499650000 29 -184007 2016 4 1 18 47 13 7
499650000 1890 11 0
SV -13180300.560 21120214.954 1184.269 4 7 0 0
SV 24474995.825 25409950.433 -4162.616 12 4 3 3
SV 15754803.989 22344751.823 -3531.900 25 7 0 0
SV 2650410.024 20405741.842 -2134.650 29 7 0 0
SV -2028961.016 20966865.634 -1629.024 31 7 0 0
SV 4705506.908 38480522.402 -767.853 120 6 2 2
SV 15070358.835 24835297.714 -3701.734 2 7 0 0
SV -2717142.232 24677494.488 743.793 5 7 0 0
SV -14656510.651 22185224.899 1795.397 26 7 0 0
SV -9105387.231 22904673.400 1934.670 21 7 0 0
SV -880965.749 25203653.907 44.427 23 4 3 3
499680000 23597527 487136456 134319 88082 8361 15423
499680000 32 -199534 2016 4 1 18 47 43 7
499680000 1890 11 0
SV -13215656.544 21113486.779 1173.280 4 7 0 0
SV 24599905.955 25433730.665 -4164.765 12 4 3 3
SV 15860890.393 22364939.509 -3540.110 25 7 0 0
SV 2714633.823 20417961.846 -2147.404 29 7 0 0
SV -1979802.123 20976219.387 -1647.557 31 7 0 0
SV 4728548.993 38484907.031 -768.415 120 6 2 2
SV 15181555.497 24856455.336 -3710.380 2 7 0 0
SV -2739224.201 24673290.940 729.483 5 7 0 0
SV -14710259.718 22174997.344 1788.327 26 7 0 0
SV -9163286.942 22893654.931 1925.448 21 7 0 0
SV -882052.913 25203436.268 22.520 23 4 3 3
499710000 23596639 487136636 127162 80925 10326 18545
499710000 41 -215047 2016 4 1 18 48 13 7
499710000 1890 11 0
SV -13250674.094 21106824.303 1161.017 4 7 0 0
SV 15967240.743 22385176.439 -3549.959 25 7 0 0
SV 2779264.723 20430262.539 -2161.623 29 7 0 0
SV -1930062.386 20985681.506 -1667.857 31 7 0 0
SV 4751608.966 38489294.818 -769.257 120 6 2 2
SV 15293001.432 24877660.509 -3720.650 2 7 0 0
SV -2760843.824 24669178.691 711.651 5 7 0 0
SV -4740767.408 24359042.498 2479.271 16 4 3 3
SV -14763778.523 22164809.331 1779.817 26 7 0 0
SV -9220887.636 22882694.240 1914.517 21 7 0 0
SV -882606.230 25203345.404 7.518 23 4 3 3
499740000 23597487 487136437 132837 86600 8461 16222
499740000 35 -230623 2016 4 1 18 48 43 7
499740000 1890 11 0
SV -13285341.774 21100224.857 1149.857 4 7 0 0
SV 16073864.152 22405463.330 -3559.249 25 7 0 0
SV 2844310.951 20442639.420 -2175.043 29 7 0 0
SV -1879731.867 20995262.094 -1687.729 31 7 0 0
SV 4774697.571 38493688.312 -770.604 120 6 2 2
SV 15404705.035 24898917.788 -3726.118 2 5 3 3
SV -2781988.819 24665155.107 697.488 5 7 0 0
SV -4815113.609 24344913.563 2473.968 16 4 3 3
SV -14817055.557 22154674.507 1771.655 26 7 0 0
SV -9278176.901 22871793.002 1904.018 21 7 0 0
SV -882605.596 25203347.621 -9.008 23 5 3 3
499770000 23597569 487136435 131931 85694 7602 14766
499770000 32 -246186 2016 4 1 18 49 13 7
499770000 1890 11 0
SV -13319672.176 21093694.462 1139.227 4 7 0 0
SV 16180745.833 22425800.128 -3566.078 25 7 0 0
SV 2909757.126 20455093.972 -2187.777 29 7 0 0
SV -1828825.585 21004948.972 -1706.272 31 7 0 0
SV 4797803.485 38498085.156 -769.817 120 6 2 2
SV 15516648.622 24920224.033 -3734.980 2 5 1 1
SV -2802670.984 24661219.036 682.110 5 7 0 0
SV -4889414.332 24330759.848 2474.428 16 4 3 3
SV -14870103.338 22144579.992 1764.616 26 7 0 0
SV -9335167.006 22860948.425 1894.737 21 7 0 0
SV -882070.603 25203445.429 -24.780 23 4 3 3
499800000 23597642 487136359 134983 88746 6750 13363
499800000 29 -261771 2016 4 1 18 49 43 7
499800000 1890 11 0
SV -13353663.764 21087225.318 1127.460 4 7 0 0
SV 16287885.024 22446191.039 -3575.648 25 7 0 0
SV 2975602.200 20467623.263 -2201.253 29 7 0 0
SV -1777344.119 21014745.472 -1725.459 31 7 0 0
SV 4820925.597 38502484.862 -770.402 120 6 2 2
SV 15628832.308 24941568.965 -3742.603 2 5 3 3
SV -2822888.650 24657368.855 667.824 5 7 0 0
SV -4963623.850 24316631.907 2472.491 16 5 3 3
SV -14922920.281 22134530.883 1756.919 26 7 0 0
SV -9391855.771 22850160.491 1885.038 21 7 0 0
SV -881006.973 25203651.481 -44.201 23 4 3 3
499830000 23597733 487136375 133020 86783 6148 12397
499830000 27 -277357 2016 4 1 18 50 13 7
499830000 1890 11 0
SV -13387312.228 21080822.833 1116.000 4 7 0 0
SV 16395283.708 22466628.664 -3584.374 25 7 0 0
SV 3041846.668 20480229.964 -2214.548 29 7 0 0
SV -1725285.294 21024654.002 -1744.988 31 7 0 0
SV 4844063.508 38506887.883 -771.352 120 6 2 2
SV 15741254.694 24962963.001 -3750.031 2 5 3 3
SV -2842636.206 24653607.339 650.532 5 7 0 0
SV -5037757.848 24302533.074 2470.461 16 5 3 3
SV -14975501.974 22124526.010 1748.974 26 7 0 0
SV -9448238.409 22839430.666 1874.528 21 7 0 0
SV -879397.995 25203954.400 -62.404 23 4 3 3
499860000 23597621 487136320 131688 85451 5548 11172
499860000 24 -292954 2016 4 1 18 50 43 7
499860000 1890 11 0
SV -13420616.478 21074486.153 1104.181 4 7 0 0
SV 16502940.534 22487116.389 -3592.785 25 7 0 0
SV 3108488.694 20492912.730 -2227.846 29 7 0 0
SV -1672650.283 21034669.101 -1764.526 31 7 0 0
SV 4867219.751 38511293.365 -772.489 120 6 2 2
SV 15853913.609 24984404.084 -3757.567 2 7 0 0
SV -2861911.638 24649942.147 634.570 5 7 0 0
SV -5111814.765 24288442.267 2466.877 16 4 3 3
SV -15027847.426 22114563.419 1740.763 26 7 0 0
SV -9504313.297 22828759.962 1863.922 21 7 0 0
SV -877245.967 25204350.328 -88.538 23 4 3 3
499861920 23597486 487136345 128568 82331 773 1572
499861920 3 919706042 2016 4 1 18 50 44 7
499861920 1890 11 0
SV -13422736.472 21074082.320 1104.698 4 7 0 0
SV 16509839.085 22488429.256 -3592.248 25 7 0 0
SV 3112767.038 20493726.870 -2227.911 29 7 0 0
SV -1669262.303 21035313.782 -1764.148 31 7 0 0
SV 4868702.381 38511575.501 -771.252 120 6 2 2
SV 15861131.545 24985778.149 -3757.560 2 7 0 0
SV -2863129.465 24649711.194 635.149 5 7 0 0
SV -5116551.965 24287541.243 2467.943 16 4 3 3
SV -15031189.705 22113927.132 1741.462 26 7 0 0
SV -9507891.838 22828078.846 1864.354 21 7 0 0
SV -877088.244 25204380.604 -87.179 23 4 3 3
499863840 23597449 487136353 128118 81881 569 1155
499863840 2 839705046 2016 4 1 18 50 46 7
499863840 1890 11 0
SV -13424857.308 21073678.994 1104.221 4 7 0 0
SV -6504.746 24931382.488 2064.601 20 6 3 3
SV 16516736.428 22489741.932 -3593.203 25 7 0 0
SV 3117044.724 20494541.150 -2228.842 29 7 0 0
SV -1665874.230 21035958.394 -1765.640 31 7 0 0
SV 4870182.629 38511857.933 -771.415 120 6 2 2
SV 15868348.174 24987151.604 -3759.952 2 7 0 0
SV -2864347.563 24649479.438 634.559 5 7 0 0
SV -5121291.265 24286639.294 2468.831 16 4 3 3
SV -15034533.284 22113290.688 1740.813 26 7 0 0
SV -9511471.372 22827397.607 1863.439 21 7 0 0
499865760 23597433 487136350 128101 81864 475 966
499865760 2 759704048 2016 4 1 18 50 48 7
499865760 1890 11 0
SV -13426975.293 21073275.702 1102.381 4 7 0 0
SV -10469.025 24930626.999 2063.914 20 6 2 2
SV 16523636.250 22491054.712 -3594.130 25 7 0 0
SV 3121325.487 20495355.604 -2230.490 29 7 0 0
SV -1662482.357 21036603.843 -1767.496 31 7 0 0
SV 4871664.059 38512140.313 -772.684 120 6 2 2
SV 15875567.229 24988525.477 -3761.384 2 7 0 0
SV -2865562.277 24649248.869 632.001 5 7 0 0
SV -5126028.764 24285735.234 2466.990 16 4 3 3
SV -15037874.455 22112654.593 1739.498 26 7 0 0
SV -9515048.197 22826716.840 1862.380 21 7 0 0
499866960 23597422 487136349 128076 81839 437 888
499866960 2 959703424 2016 4 1 18 50 49 7
499866960 1890 11 0
SV -13428297.923 21073023.966 1101.393 4 7 0 0
SV -12946.048 24930153.278 2063.009 20 6 2 2
SV 16527949.562 22491875.955 -3595.013 25 7 0 0
SV 3124002.178 20495865.326 -2231.522 29 7 0 0
SV -1660360.836 21037007.327 -1768.442 31 7 0 0
SV 4872590.602 38512316.665 -772.862 120 6 2 2
SV 15880080.019 24989383.662 -3761.396 2 7 0 0
SV -2866320.093 24649105.149 631.375 5 7 0 0
SV -5128989.139 24285173.355 2466.425 16 4 3 3
SV -15039961.800 22112257.531 1738.895 26 7 0 0
SV -9517282.672 22826291.666 1861.678 21 7 0 0
499890000 23597408 487136337 127998 81761 602 1087
499890000 3 -308562 2016 4 1 18 51 13 7
499890000 1890 11 0
SV -13453564.630 21068213.901 1092.510 4 7 0 0
SV -60443.279 24921114.886 2061.120 20 7 0 0
SV 16610865.108 22507652.505 -3601.437 25 7 0 0
SV 3175537.395 20505672.401 -2241.418 29 7 0 0
SV -1619429.000 21044795.901 -1783.747 31 7 0 0
SV 4890405.313 38515707.051 -772.555 120 6 2 2
SV 15966817.872 25005889.632 -3768.982 2 7 0 0
SV -2880702.623 24646369.810 619.778 5 7 0 0
SV -5185784.197 24274355.843 2463.936 16 5 1 1
SV -15079944.579 22104649.271 1732.681 26 7 0 0
SV -9560068.205 22818150.703 1853.221 21 7 0 0
499920000 23597375 487136346 127465 81228 1005 1599
499920000 4 -324184 2016 4 1 18 51 43 7
499920000 1890 12 0
SV -13486163.091 21062012.338 1080.332 4 7 0 0
SV -122175.273 24909369.563 2054.519 20 7 0 0
SV 16719048.514 22528238.771 -3611.247 25 7 0 0
SV 3242983.111 20518503.145 -2255.237 29 7 0 0
SV -1565630.454 21055033.891 -1802.859 31 7 0 0
SV 4913613.908 38520122.846 -774.843 120 6 2 2
SV 16079957.075 25027418.698 -3774.088 2 7 0 0
SV -2899014.627 24642885.805 601.964 5 7 0 0
SV -5259671.787 24260293.515 2461.074 16 7 0 0
SV -15131799.989 22094783.145 1724.002 26 7 0 0
SV -9615508.940 22807601.349 1842.429 21 7 0 0
SV -871578.547 25205486.670 -118.463 23 4 3 3
499950000 23597364 487136310 128577 82340 1878 2908
499950000 7 -339824 2016 4 1 18 52 13 7
499950000 1890 12 0
SV -13518408.081 21055876.737 1068.637 4 7 0 0
SV -183764.200 24897649.421 2050.856 20 7 0 0
SV 16827492.617 22548875.713 -3619.126 25 7 0 0
SV 3310827.106 20531414.404 -2268.325 29 7 0 0
SV -1511252.650 21065382.830 -1822.210 31 7 0 0
SV 4936850.186 38524545.481 -774.638 120 6 2 2
SV 16193332.164 25048988.790 -3784.824 2 5 3 3
SV -2916843.650 24639499.468 587.065 5 7 0 0
SV -5333474.084 24246260.155 2458.256 16 7 0 0
SV -15183409.395 22084960.138 1716.410 26 7 0 0
SV -9670630.990 22797112.476 1832.036 21 7 0 0
SV -867793.604 25206241.724 -135.152 23 4 3 3
499980000 23597331 487136216 144131 97894 4917 10068
499980000 21 -355519 2016 4 1 18 52 43 7
499980000 1890 12 0
SV -13550311.835 21049804.619 1058.082 4 7 0 0
SV -245222.724 24885955.088 2046.941 20 4 3 3
SV 16936182.309 22569558.845 -3626.597 25 7 0 0
SV 3379053.531 20544395.743 -2280.211 29 7 0 0
SV -1456310.551 21075837.482 -1840.632 31 7 0 0
SV 4960097.585 38528969.391 -774.687 120 6 2 2
SV 16306925.841 25070603.328 -3786.864 2 5 3 3
SV -2934201.102 24636173.823 571.392 5 4 3 3
SV -5407203.821 24232232.623 2457.403 16 4 3 3
SV -15234785.482 22075183.532 1708.822 26 7 0 0
SV -9725446.576 22786680.544 1822.234 21 7 0 0
SV -863477.697 25207061.500 -151.253 23 5 1 1
500010000 23597717 487136245 149209 102972 5549 11359
500010000 23 -371185 2016 4 1 18 53 13 7
500010000 1890 11 0
SV -13581875.372 21043799.336 1046.281 4 7 0 0
SV 17045114.481 22590287.313 -3635.331 25 7 0 0
SV 3447658.619 20557449.430 -2293.343 29 7 0 0
SV -1400807.073 21086399.785 -1859.652 31 7 0 0
SV 4983353.045 38533394.626 -776.130 120 6 2 2
SV 16420734.099 25092258.682 -3796.317 2 4 3 3
SV -2951087.679 24632971.970 554.936 5 5 1 1
SV -5480863.795 24218200.763 2454.898 16 5 1 1
SV -15285928.965 22065452.732 1700.349 26 7 0 0
SV -9779955.935 22776306.721 1811.677 21 7 0 0
SV -858694.154 25207955.510 -171.333 23 4 3 3
500040000 23597590 487136357 143196 96959 5146 10380
500040000 22 -386833 2016 4 1 18 53 43 7
500040000 1890 11 0
SV -13613088.452 21037855.181 1034.435 4 7 0 0
SV 17154296.925 22611064.868 -3643.831 25 7 0 0
SV 3516649.553 20570579.986 -2305.446 29 7 0 0
SV -1344734.381 21097069.267 -1878.797 31 7 0 0
SV 5006624.140 38537822.898 -776.050 120 6 2 2
SV 16534762.970 25113958.900 -3805.422 2 4 3 3
SV -2967491.577 24629850.701 538.816 5 7 0 0
SV -5554442.399 24204196.126 2451.240 16 7 0 0
SV -15336829.605 22055764.197 1692.665 26 7 0 0
SV -9834148.540 22765994.341 1801.193 21 7 0 0
SV -853308.474 25208987.289 -189.068 23 5 1 1
500070000 23597505 487136433 137157 90920 4930 10354
500070000 22 -402489 2016 4 1 18 54 13 7
500070000 1890 11 0
SV -13643954.972 21031984.788 1023.338 4 7 0 0
SV 17263723.418 22631888.772 -3651.349 25 7 0 0
SV 3586019.406 20583781.792 -2318.292 29 7 0 0
SV -1288098.523 21107847.324 -1896.808 31 7 0 0
SV 5029902.781 38542252.217 -776.057 120 6 2 2
SV 16649005.455 25135702.255 -3810.138 2 4 3 3
SV -2983416.849 24626819.093 524.404 5 7 0 0
SV -5627943.675 24190214.715 2450.776 16 5 3 3
SV -15387491.170 22046123.649 1684.805 26 7 0 0
SV -9888027.927 22755741.710 1790.844 21 7 0 0
SV -847388.672 25210114.747 -205.873 23 5 1 1
500100000 23597534 487136381 136175 89938 4629 10094
500100000 21 -418169 2016 4 1 18 54 43 7
500100000 1890 11 0
SV -13674468.046 21026179.415 1011.143 4 7 0 0
SV 17373398.715 22652759.302 -3659.941 25 7 0 0
SV 3655772.103 20597057.167 -2330.968 29 7 0 0
SV -1230895.130 21118731.845 -1916.280 31 7 0 0
SV 5053197.426 38546683.787 -777.000 120 6 2 2
SV 16763463.900 25157473.775 -3824.560 2 4 3 3
SV -2998856.096 24623877.544 505.174 5 7 0 0
SV -5701362.125 24176248.974 2444.684 16 5 3 3
SV -15437906.439 22036532.277 1676.766 26 7 0 0
SV -9941586.081 22745549.648 1779.942 21 7 0 0
SV -840928.544 25211340.329 -223.544 23 5 3 3
500130000 23597540 487136416 136474 90237 4349 9628
500130000 20 -433855 2016 4 1 18 55 13 7
500130000 1890 11 0
SV -13704629.959 21020437.979 999.793 4 7 0 0
SV 17483317.917 22673675.971 -3668.127 25 7 0 0
SV 3725902.287 20610399.865 -2343.832 29 7 0 0
SV -1173128.721 21129724.051 -1935.027 31 7 0 0
SV 5076505.049 38551120.593 -776.535 120 6 2 2
SV 16878107.836 25179308.430 -3817.094 2 4 3 3
SV -3013810.206 24621040.139 490.377 5 7 0 0
SV -5774699.706 24162292.743 2446.108 16 5 3 3
SV -15488077.895 22026983.797 1668.665 26 7 0 0
SV -9994825.120 22735418.680 1769.639 21 7 0 0
SV -833932.103 25212668.883 -242.863 23 5 1 1
500160000 23597635 487136465 139381 93144 4140 9339
500160000 20 -449558 2016 4 1 18 55 43 7
500160000 1890 12 0
SV -13734435.030 21014767.549 987.349 4 7 0 0
SV -611360.903 24816356.133 2017.465 20 5 3 3
SV 17593484.402 22694639.790 -3676.824 25 7 0 0
SV 3796412.663 20623815.034 -2356.479 29 7 0 0
SV -1114795.968 21140823.419 -1953.925 31 7 0 0
SV 5099828.804 38555556.665 -777.365 120 6 2 2
SV 16992982.532 25201189.118 -3832.976 2 4 3 3
SV -3028273.348 24618283.074 476.584 5 7 0 0
SV -5847951.317 24148361.973 2440.630 16 4 3 3
SV -15537999.672 22017484.806 1659.687 26 7 0 0
SV -10047739.014 22725350.375 1758.232 21 7 0 0
SV -826394.622 25214096.102 -259.575 23 4 3 3
500190000 23597644 487136486 140112 93875 3949 8955
500190000 19 -465267 2016 4 1 18 56 13 7
500190000 1890 12 0
SV -13763881.983 21009163.551 975.755 4 7 0 0
SV -671781.537 24804856.946 2011.974 20 7 0 0
SV 17703897.136 22715650.812 -3684.600 25 7 0 0
SV 3867301.658 20637305.867 -2368.904 29 7 0 0
SV -1055897.880 21152032.549 -1972.734 31 7 0 0
SV 5123166.677 38559999.263 -778.136 120 6 2 2
SV 17108077.318 25223090.380 -3840.414 2 4 3 3
SV -3042243.352 24615619.822 453.528 5 5 3 3
SV -5921115.637 24134420.278 2436.557 16 5 3 3
SV -15587670.394 22008031.866 1651.419 26 7 0 0
SV -10100325.993 22715342.501 1747.481 21 7 0 0
SV -818317.282 25215631.808 -277.008 23 4 3 3
500220000 23597616 487136491 141335 95098 3781 8540
500220000 18 -480987 2016 4 1 18 56 43 7
500220000 1890 12 0
SV -13792966.158 21003629.615 963.404 4 7 0 0
SV -732035.518 24793388.314 2005.424 20 7 0 0
SV 17814558.124 22736709.106 -3692.746 25 7 0 0
SV 3938570.396 20650868.002 -2381.748 29 7 0 0
SV -996432.343 21163347.515 -1991.692 31 7 0 0
SV 5146523.306 38564443.938 -778.940 120 6 2 2
SV 17223331.393 25245014.467 -3844.257 2 4 3 3
SV -3055716.126 24613062.405 441.897 5 5 3 3
SV -5994189.108 24120512.769 2434.934 16 7 0 0
SV -15637085.548 21998628.380 1643.003 26 7 0 0
SV -10152581.245 22705398.442 1736.376 21 7 0 0
SV -809693.751 25217271.099 -296.081 23 4 3 3
500250000 23597649 487136507 140568 94331 3712 8562
500250000 18 -496721 2016 4 1 18 57 13 7
500250000 1890 11 0
SV -13821684.527 20998164.312 950.830 4 7 0 0
SV -792118.946 24781957.514 2000.214 20 7 0 0
SV 17925468.049 22757815.197 -3701.323 25 7 0 0
SV 4010218.577 20664503.113 -2395.036 29 7 0 0
SV -936399.098 21174773.900 -2010.294 31 7 0 0
SV 5169901.033 38568892.208 -779.634 120 6 2 2
SV -3068687.730 24610593.304 424.868 5 5 3 3
SV -6067167.815 24106632.744 2430.313 16 5 3 3
SV -15686242.018 21989275.831 1633.874 26 7 0 0
SV -10204501.574 22695519.577 1724.647 21 7 0 0
SV -800524.119 25219012.509 -316.107 23 4 3 3
500279999 23597675 487136530 139263 93026 3575 8277
500279999 17 -512460 2016 4 1 18 57 43 7
500280000 1890 12 0
SV -13850036.432 20992769.821 938.668 4 7 0 0
SV -852029.472 24770557.775 1994.045 20 7 0 0
SV 18036625.405 22778966.745 -3709.699 25 7 0 0
SV 4082244.548 20678208.898 -2407.940 29 7 0 0
SV -875799.528 21186305.405 -2029.406 31 7 0 0
SV 5193299.817 38573343.741 -779.871 120 6 2 2
SV 17454328.333 25289053.442 -3864.095 2 4 3 3
SV -3081156.934 24608223.128 408.545 5 7 0 0
SV -6140052.703 24092759.297 2427.880 16 5 1 1
SV -15735138.759 21979970.223 1625.406 26 7 0 0
SV -10256085.192 22685702.573 1713.878 21 7 0 0
SV -790808.111 25220864.762 -335.061 23 5 3 3
500309999 23597572 487136478 139591 93354 3664 8557
500309999 18 -528209 2016 4 1 18 58 13 7
500310000 1890 12 0
SV -13878024.358 20987442.828 927.008 4 7 0 0
SV -911767.799 24759192.117 1989.071 20 7 0 0
SV 18148025.041 22800165.130 -3716.851 25 7 0 0
SV 4154642.057 20691987.765 -2418.419 29 7 0 0
SV -814638.786 21197945.643 -2047.137 31 7 0 0
SV 5216711.406 38577800.073 -779.726 120 6 2 2
SV 17570153.185 25311101.374 -3867.585 2 4 3 3
SV -3093125.759 24605942.455 390.860 5 7 0 0
SV -6212845.387 24078893.092 2426.150 16 7 0 0
SV -15783778.432 21970712.987 1617.775 26 7 0 0
SV -10307334.535 22675949.716 1703.535 21 7 0 0
SV -780549.882 25222822.362 -348.633 23 5 3 3
500340000 23597719 487136523 136867 90630 3500 8088
500340000 17 456027 2016 4 1 18 58 43 7
500340001 1890 12 0
SV -13905651.702 20982185.828 914.441 4 7 0 0
SV -971336.799 24747859.858 1981.931 20 7 0 0
SV 18259666.364 22821409.671 -3725.409 25 7 0 0
SV 4227408.747 20705833.867 -2431.837 29 7 0 0
SV -752919.405 21209689.395 -2066.649 31 7 0 0
SV 5240136.396 38582258.377 -781.827 120 6 2 2
SV 17686271.013 25333175.061 -3871.992 2 4 3 3
SV -3104595.801 24603751.929 374.757 5 7 0 0
SV -6285550.856 24065053.115 2422.587 16 7 0 0
SV -15832164.511 21961508.730 1608.211 26 7 0 0
SV -10358252.976 22666261.007 1691.025 21 7 0 0
SV -769753.034 25224880.441 -368.337 23 5 1 1
500370000 23597446 487136379 136186 89949 5767 11709
500370000 24 440252 2016 4 1 18 59 13 7
500370001 1890 12 0
SV -13932904.592 20977001.560 901.753 4 7 0 0
SV -1030718.844 24736560.388 1976.180 20 7 0 0
SV 18371551.338 22842702.339 -3733.743 25 7 0 0
SV 4300548.699 20719752.719 -2444.012 29 7 0 0
SV -690635.913 21221541.548 -2085.735 31 7 0 0
SV 5263584.842 38586719.438 -782.281 120 6 2 2
SV 17802573.757 25355327.136 -3880.436 2 4 3 3
SV -3115554.289 24601679.942 356.679 5 7 0 0
SV -6358153.171 24051234.846 2417.616 16 7 0 0
SV -15880281.822 21952351.397 1599.244 26 7 0 0
SV -10408825.083 22656638.067 1679.838 21 7 0 0
SV -758406.856 25227043.867 -385.816 23 7 0 0
500400000 23597632 487136516 132295 86058 6537 14585
500400000 30 424475 2016 4 1 18 59 43 7
500400001 1890 10 0
SV -13959786.976 20971884.930 889.781 4 7 0 0
SV -1089917.899 24725295.383 1970.299 20 7 0 0
SV 18483677.950 22864042.246 -3741.664 25 7 0 0
SV 4374057.832 20733738.981 -2455.846 29 7 0 0
SV -627792.347 21233500.199 -2103.868 31 7 0 0
SV 5287052.400 38591187.078 -782.160 120 6 2 2
SV -3126004.607 24599690.269 341.012 5 7 0 0
SV -6430658.068 24037437.273 2414.334 16 7 0 0
SV -15928135.155 21943244.756 1590.565 26 7 0 0
SV -10459055.512 22647079.396 1668.592 21 7 0 0
500430000 23597265 487136522 141841 95604 5990 12800
