 120000 150010343 377312153 3066350 3029300 6275 8913
 180000 150010343 377312153 3066350 3029300 6443 9279
 240000 150007828 377312966 3098367 3061317 177575 466425
 300000 150002797 377314591 3162390 3125340 236831 490501
 360000 149991325 377315464 2948092 2911040 235491 425598
 420000 149983826 377313754 2993383 2956331 290856 431801
 480000 149974978 377312835 2947994 2910941 292731 428064
 540000 149967224 377310360 3003196 2966143 339768 432075
 600000 149967960 377319712 2947891 2910836 323382 398481
 660000 149961540 377318639 3000530 2963475 362625 401353
 720000 149958995 377323328 2947962 2910906 341552 374652
 780000 149953055 377322680 2997701 2960645 374621 376965
 840000 149952902 377329363 2947842 2910785 356860 376418
 900000 149947537 377329206 2996287 2959230 385472 378178
 960000 149946812 377333887 2947962 2910904 369074 378060
 1020000 149941837 377334001 2993930 2956871 394391 379502
 1080000 149941951 377338551 2947827 2910768 377228 379578
 1140000 149937352 377338799 2994874 2957813 399934 380771
 1200000 149937593 377342150 2947959 2910898 383059 380971
 1260000 149933309 377342479 2994552 2957491 403621 381995
 1320000 149934175 377344593 2947843 2910782 386891 382239
 1380000 149930202 377344832 2997839 2960778 405715 383129
 1440000 149932631 377348619 2947741 2910679 388274 383380
 1500000 149929007 377348840 3001932 2964870 405575 384139
 1560000 149930676 377351310 2947973 2910911 388362 384396
 1620000 149927314 377351547 3002456 2965393 404305 385072
 1680000 149923953 377351783 3056938 3019875 420350 387084
 1740000 150006805 377324735 2948030 2910979 918222 8527
 1800000 149996836 377328927 2925596 2888543 783902 492731
 1860000 149992924 377332781 2947961 2910907 706918 386390
 1920000 149982984 377337079 2932983 2895928 716581 391614
 1980000 149973043 377341378 2918007 2880950 731676 406874
 2040000 150006055 377325130 2948031 2910979 919087 8527
 2100000 149996784 377329493 2948123 2911070 784384 491906
 2160000 149992599 377331540 2947983 2910929 705768 387590
 2220000 149983160 377335321 2959252 2922197 714701 392388
 2280000 149973722 377339101 2970522 2933465 728602 406431
 2340000 150005170 377325654 2948031 2910979 917941 8527
 2400000 149995753 377330727 2959321 2922268 783231 489654
 2460000 149986337 377335800 2970613 2933558 974704 614104
 2520000 150000895 377330638 2948034 2910981 1316239 8526
 2580000 149989308 377338732 2984817 2947762 1133066 688232
 2640000 149986951 377340266 2947997 2910941 953908 414650
 2700000 149976003 377348270 2990407 2953350 966206 422451
 2760000 149965055 377356274 3032821 2995761 985870 445026
 2820000 149997852 377333843 2948035 2910982 1315314 8526
 2880000 149985813 377343221 3003183 2966127 1130199 686652
 2940000 149973773 377352598 3058335 3021276 1403924 858194
 3000000 149999617 377331558 2948036 2910983 939120 8527
 3060000 149991614 377335852 3041081 3004027 798487 510399
 3120000 149983611 377340145 3134127 3097072 1001047 646029
 3180000 149998858 377332185 2948037 2910984 937297 8526
 3240000 149991868 377335363 3055196 3018141 796425 508697
 3300000 149984878 377338540 3162355 3125300 996064 642307
 3359998 149984878 377338540 3162355 3125300 1029556 673219
 3419998 149984878 377338540 3162355 3125300 1074692 714251
 3480000 149984878 377338540 3162355 3125300 1130080 763776
 3540000 149984878 377338540 3162355 3125300 1194291 820254
 3600000 149984878 377338540 3162355 3125300 1265986 882353
 3660001 149984878 377338540 3162355 3125300 1343966 948969
 120000 150007109 377317152 2919174 2882123 8966 7437
 180000 150007100 377317191 2919149 2882098 9200 7498
 240000 150008437 377316182 3014801 2977750 7626 7268
 300000 150009675 377314994 3093884 3056834 9062 9347
 360000 150007088 377317145 2919162 2882111 11516 8742
 420000 150007116 377317227 2917211 2880160 10932 8084
 480000 150007103 377317167 2917813 2880763 9954 7869
 540000 150007157 377317179 2918561 2881511 9985 7958
 600000 150007025 377317266 2917659 2880608 10040 7462
 660000 150007541 377316851 2959103 2922052 9892 7419
 720000 150007025 377317252 2917478 2880427 13115 9519
 780000 150007404 377316831 2960227 2923176 11769 8572
 840000 150007043 377317246 2917382 2880332 21241 11738
 900000 150007423 377316809 2954244 2917194 16637 8903
 960000 150007135 377317107 2918159 2881108 22988 12331
 1020000 150008328 377316439 2961124 2924073 17718 10425
 1080000 150007160 377317021 2917854 2880804 23640 16655
 1140000 150007800 377316578 2957078 2920027 18816 13350
 1200000 150007098 377317205 2918408 2881358 28453 20880
 1260000 150007443 377316990 2954894 2917843 21231 15624
 1320000 150007055 377317303 2917412 2880361 28955 19824
 1380000 150007197 377316929 2953361 2916311 22109 14281
 1440000 150007118 377317206 2917459 2880408 29683 18160
 1500000 150007083 377316973 2947072 2910021 21261 12002
 1560000 150007023 377317385 2917313 2880263 25740 14466
 1620000 150007043 377317282 2917051 2880001 29063 15711
 1680000 150006977 377317302 2917821 2880770 26374 14585
 1740000 150008453 377315086 2996314 2959264 24018 14839
 1800000 150007351 377316941 2920367 2883317 30179 18839
 1860000 150007216 377316973 2918618 2881567 32343 21789
 1920000 150007027 377317425 2918339 2881288 27375 18782
 1980000 150007594 377316850 2955414 2918364 21616 14944
 2040000 150007151 377317117 2919677 2882627 58851 43436
 2100000 150006891 377317342 2917982 2880931 40475 29314
 2160000 150006944 377317414 2918179 2881128 29897 21978
 2220000 150006913 377317415 2918051 2881001 27747 20711
 2280000 150007004 377317306 2918224 2881173 27276 21277
 2340000 150007271 377316957 2956589 2919539 20755 16409
 2400000 150008814 377316199 3008076 2971026 25575 21577
 2460000 150010760 377314781 3068455 3031405 29188 26242
 2520000 150009945 377315054 2954317 2917267 95880 97721
 2580000 150006836 377317467 2916114 2879063 54877 41096
 2640000 150006863 377317536 2914650 2877599 41096 30898
 2700000 150007035 377317341 2915665 2878614 42898 29433
 2760000 150007175 377317183 2917799 2880748 41662 28369
 2820000 150007199 377317098 2917489 2880438 38292 26117
 2880000 150007062 377317241 2917319 2880269 38142 25766
 2940000 150007069 377317238 2917547 2880497 34370 26079
 3000000 150006858 377317571 2914145 2877095 30847 23572
 3060000 150009752 377312296 2997936 2960886 27553 22220
 3120000 150011328 377310118 3043070 3006020 27652 23292
 3180000 150011928 377308873 3092622 3055573 31750 27269
 3240000 150007652 377316837 2925477 2888426 45339 42195
 3300000 150008823 377313430 2982922 2945872 32116 30825
 3360000 150009784 377312029 3026556 2989506 31286 30006
 3420000 150010739 377309945 3073581 3036532 33318 31854
 3480000 150007323 377317057 2919175 2882125 29570 29893
 3720000 150007209 377317039 2919215 2882164 40010 35173
 3780000 150007641 377316938 2947846 2910796 35078 24782
 3840000 150007925 377317000 2974098 2937048 30928 20292
 3900000 150007840 377316230 2995411 2958361 28104 19403
 3960000 150008037 377315387 3048015 3010965 25273 19817
 4020000 150007218 377317027 2919984 2882933 52423 38000
 4080000 150007429 377316875 2940079 2903028 45494 25521
 4140000 150008555 377319839 2952819 2915769 20549 14956
 4200000 150008155 377316763 2991429 2954378 20152 15526
 4260000 150008399 377318455 2995317 2958266 17625 14715
 4320000 150007708 377316630 3021287 2984237 19161 16378
 4380000 150007687 377315515 3036074 2999023 21296 19021
 4440000 150008417 377314369 3074198 3037148 20017 21129
 4500000 150007041 377317157 2917396 2880345 19699 24432
 4560000 150007139 377317338 2960131 2923080 15803 22538
 4620000 150007396 377316553 2955841 2918790 11374 16236
 4680000 150007653 377316621 2993765 2956715 11295 16428
 4740000 150007544 377315657 3012232 2975182 10063 16604
 4800000 150007324 377315064 3040504 3003454 10337 18032
 4860000 150007508 377314265 3071015 3033965 10778 19516
 4920000 150007535 377313602 3098134 3061084 11592 21553
 4980000 150007808 377313071 3118853 3081803 13017 24229
 5040000 150008146 377312689 3133463 3096413 14679 27289
 5100000 150008348 377312429 3149864 3112815 15774 29810
 5160000 150007220 377312599 3151220 3114170 13181 30761
 5220000 150007005 377317015 2922400 2885349 19365 33760
 5280000 150007159 377316866 2931763 2894712 12317 21408
 5340000 150007209 377316653 2945245 2908195 9562 16781
 5400000 150007321 377316477 2955237 2918187 8064 13907
 5460000 150007248 377317115 2919262 2882211 14800 25453
 5520000 150007263 377316912 2931051 2894000 9855 17036
 5580000 150007274 377316664 2944871 2907821 7869 13684
 5640000 150007268 377317124 2919971 2882920 12868 22445
 5700000 150007311 377317137 2920737 2883687 11771 22628
 5760000 150007310 377317267 2919963 2882912 10755 21564
 5820000 150007322 377317021 2931924 2894874 7183 14021
 5880000 150007330 377316760 2945740 2908690 5737 11369
 5940000 150007264 377317232 2918861 2881811 9394 18585
 6000000 150007237 377317014 2930983 2893932 6266 12806
 6060000 150007218 377316798 2941824 2904773 5010 10151
 6120000 150007245 377316587 2953289 2916239 4582 9170
 6180000 150007262 377317204 2918451 2881401 9278 17036
 6240000 150007289 377316969 2929909 2892859 6314 11143
 6300000 150007285 377316749 2940907 2903857 5273 9066
 6360000 150007248 377317153 2920574 2883523 8351 14449
 6420000 150006792 377316850 2926991 2889941 7710 14238
 6480000 150006957 377316881 2927376 2890326 7103 14234
 6540000 150006976 377316855 2927569 2890519 6335 13465
 6600000 150006973 377317050 2924628 2887578 5201 12301
 6660000 150006970 377317111 2922519 2885468 4692 11124
 6720000 150007040 377317153 2922750 2885699 4080 9981
 6780000 150007127 377317155 2922431 2885380 3603 8602
 6840000 150007170 377317144 2921032 2883981 3286 7344
 6900000 150006805 377316885 2923615 2886564 5072 9989
 6960000 150006941 377317021 2923736 2886686 4752 9632
 7020000 150006989 377317092 2922050 2884999 4335 8382
 7080000 150006994 377317103 2921583 2884533 3770 7279
 7320000 150007105 377317247 2920986 2883936 2737 6560
 7380000 150007127 377317238 2920697 2883647 2623 6127
 7440000 150007118 377315666 2934626 2897576 11253 10364
 7500000 150006338 377316680 2914196 2877146 12154 11986
 7560000 150006645 377317555 2909470 2872420 9847 12077
 7620000 150006560 377317281 2909904 2872854 10114 12469
 7680000 150007017 377317192 2911963 2874913 9414 12297
 7740000 150007023 377317265 2912150 2875099 9214 12414
 7800000 150006958 377317160 2914791 2877741 9051 11818
 7860000 150007207 377317186 2917147 2880096 8046 10637
 7920000 150007359 377316861 2927935 2890884 11325 14950
 7980000 150007020 377316874 2915820 2878769 12134 17460
 8040000 150007011 377317016 2915112 2878062 11827 18247
 8100000 150007366 377317091 2918650 2881599 8929 16395
 8160000 150007294 377316558 2917985 2880934 9208 15445
 8220000 150007377 377317366 2917478 2880427 7661 13924
 8280000 150007294 377317104 2918756 2881705 6944 12369
 8340000 150007259 377317149 2917714 2880663 6500 11258
 8400000 150007468 377316721 2929699 2892648 9946 14697
 8460000 150007295 377316591 2917613 2880563 9941 16744
 8520000 150007354 377316775 2918318 2881268 9209 16969
 8580000 150007288 377316713 2914690 2877640 8926 16847
 8640000 150007365 377316873 2911556 2874506 7920 16849
 8700000 150007304 377316496 2914848 2877798 8738 16248
 8760000 150007301 377316579 2916539 2879489 9450 14958
 8820000 150007242 377316374 2916819 2879769 10124 13661
 8880000 150007256 377316332 2916844 2879794 10731 12800
 8940000 150007326 377315628 2922956 2885906 23131 19195
 9000000 150007189 377315534 2917420 2880369 24768 19480
 9060000 150007280 377316551 2915234 2878184 19674 16479
 9120000 150007279 377317003 2915849 2878798 15538 14985
 9179999 150007192 377316956 2916625 2879574 13419 13333
 9239999 150007245 377317033 2916990 2879939 12181 12225
 9300000 150007211 377316935 2916999 2879949 11957 11426
 9360000 150007251 377317484 2912439 2875389 7948 10929
 9420000 150007267 377317198 2912087 2875037 7303 11770
 9480000 150007113 377317255 2910563 2873512 6609 12327
 9540000 150007191 377317134 2909105 2872055 6685 13440
 9600000 150007201 377317144 2910053 2873003 6675 14204
 9660000 150007555 377317986 2978273 2941223 15793 42855
 9720000 150007828 377316531 2927593 2890543 16416 58362
 9780000 150007456 377316802 2923924 2886874 13700 46688
 9840000 150007398 377316659 2930904 2893854 11814 26934
 9900000 150006926 377316882 2913075 2876024 10672 21774
 9960000 150007043 377316669 2919226 2882176 10846 18939
 10020000 150007021 377316341 2911680 2874629 11684 20122
 10080000 150007090 377316673 2914493 2877443 11731 21763
 10140000 150007973 377318471 2985140 2948090 22550 52584
 10200000 150008269 377317092 2979820 2942770 16541 70143
 10260000 150007837 377316444 2952077 2915027 16759 83807
 10320000 150007693 377316915 2944028 2906978 14371 79747
 10380000 150007494 377316826 2932873 2895823 12783 69446
 10440000 150006585 377316242 2882305 2845254 12158 38838
 10500000 150007385 377317211 2935165 2898115 10793 35907
 10560000 150007115 377317149 2919518 2882468 10025 32082
 10620000 150007222 377317172 2924714 2887663 9539 26882
 10680000 150006926 377332729 2923775 2886723 130809 36888
 10920000 150003783 377310282 2783871 2746821 23378 42227
 10980000 150007358 377316944 2927471 2890421 9838 26449
 11040000 150008049 377315516 2957544 2920494 13892 35753
 11100000 150008048 377315447 2952628 2915577 18290 39311
 11160000 150007933 377314479 2943803 2906753 22414 39792
 11220000 150007918 377314059 2937144 2900094 26464 36595
 11280000 150007761 377313454 2929382 2892332 30260 33603
 11340000 150007675 377313091 2928480 2891430 34109 29261
 11400000 150007589 377312694 2925227 2888177 38047 27048
 11460000 150007630 377312481 2927579 2890529 41458 23270
 11520000 150007565 377312278 2924449 2887399 44820 22356
 11580000 150007484 377312164 2923073 2886023 47807 21995
 11640000 150007547 377312268 2922160 2885110 50664 21903
 11700000 150007334 377312168 2919999 2882949 52751 21478
 11760000 150007407 377312579 2918637 2881587 54821 21178
 11820000 150006781 377317964 2909464 2872413 8715 15421
 11880000 150007150 377316751 2940641 2903591 10202 20644
 11940000 150010705 377314186 3009407 2972357 19254 42818
 12000000 150007082 377317089 2918436 2881386 10229 24043
 12060000 150007715 377316283 2937061 2900011 8517 19199
 12120000 150007399 377316283 2935783 2898733 7628 17076
 12180000 150007265 377316428 2935761 2898711 7168 15909
 12240000 150007163 377316550 2935723 2898672 6467 14666
 12300000 150007131 377316564 2934297 2897246 5941 13505
 12360000 150007083 377316574 2931566 2894516 5495 11145
 12420000 150007032 377316621 2930573 2893522 5028 9829
 12480000 150007047 377316717 2928552 2891501 4456 8400
 12540000 150007082 377316798 2927772 2890721 4052 7615
 12600000 150007065 377316828 2927581 2890531 3879 7360
 12660000 150007056 377316879 2927184 2890134 3762 7080
 12720000 150007029 377316908 2926594 2889544 3676 6883
 12780000 150007022 377316912 2926856 2889805 3574 6691
 12840000 150007036 377316901 2927088 2890038 3518 6604
 12900000 150007039 377316905 2926975 2889924 3526 6560
 12960000 150007044 377316917 2925966 2888916 3442 6183
 13020000 150006568 377316475 2933102 2896051 6919 10296
 13080000 150006773 377316962 2927791 2890740 6281 10810
 13140000 150006807 377317021 2923635 2886584 5621 9913
 13200000 150006919 377317056 2920577 2883526 4458 7662
 13260000 150006951 377317057 2919728 2882677 3846 6642
 13320000 150006988 377317060 2919418 2882368 3565 6160
 13380000 150006754 377316930 2926847 2889797 4471 8002
 13440000 150007025 377317029 2919238 2882187 5017 8923
 13500000 150007009 377317092 2917972 2880922 4972 9057
 13560000 150007110 377317118 2917511 2880461 5173 9699
 13620000 150007054 377317069 2916502 2879451 5825 10352
 13680000 150007149 377317159 2915441 2878391 6593 9613
 13740000 150007105 377317133 2918065 2881015 6868 8991
 13800000 150007123 377317109 2919207 2882156 6867 9490
 13860000 150007067 377317123 2918170 2881120 6111 9175
 13920000 150007028 377317014 2918572 2881522 5507 9281
 13980000 150007079 377317080 2919352 2882302 4591 8162
 14040000 150007055 377317096 2918925 2881874 4514 8732
 14100000 150007090 377317073 2919616 2882565 4290 7802
 14160000 150007145 377317028 2919726 2882676 4196 7179
 14220000 150007120 377317068 2918735 2881684 4308 6818
 14280000 150007065 377317064 2918100 2881049 4151 7118
 14520000 150007068 377317064 2918543 2881493 4550 7558
 14580000 150007117 377317082 2919128 2882078 4203 7134
 14640000 150007114 377317075 2918815 2881764 3787 6405
 14700000 150007103 377317112 2917405 2880354 3857 6451
 14760000 150007138 377317055 2918326 2881276 3893 7252
 14820000 150007178 377317013 2919530 2882480 4365 8076
 14880000 150007178 377317125 2918574 2881524 4363 8140
 14940000 150007147 377317159 2919155 2882105 4299 7718
 15000000 150007118 377317162 2917914 2880864 4463 8251
 15060000 150007133 377317118 2919145 2882094 4512 8348
 15120000 150007185 377317125 2918544 2881493 4676 7812
 15180000 150007099 377317211 2917032 2879982 4546 6838
 15240000 150007136 377317202 2917512 2880461 4047 6114
 15300000 150007117 377317204 2918126 2881075 4341 6807
 15360000 150007151 377317196 2918803 2881753 4219 6765
 15420000 150007099 377317184 2919014 2881963 4281 6545
 15480000 150007057 377317203 2918315 2881265 4377 7092
 15540000 150007136 377317265 2917939 2880889 4291 6821
 15600000 150007210 377317218 2918275 2881225 4044 6625
 15660000 150007100 377317211 2918652 2881602 4298 7523
 15720000 150007095 377317144 2919394 2882344 4035 7443
 15780000 150007100 377317166 2918869 2881818 4227 7535
 15840000 150007046 377317289 2916102 2879052 4254 7612
 15900000 150007125 377317286 2916535 2879484 4284 7472
 15960000 150007112 377317168 2918872 2881822 4361 7209
 16020000 150007077 377317173 2918407 2881356 4449 7485
 16080000 150007103 377317252 2916452 2879401 4391 7330
 16140000 150007166 377317230 2916328 2879277 4533 7179
 16200000 150007091 377317174 2917607 2880557 4238 6804
 16260000 150007035 377317286 2916843 2879792 4493 7329
 16320000 150007094 377317328 2915854 2878803 5019 7501
 16380000 150007111 377317290 2916428 2879377 4996 7544
 16440000 150007121 377317230 2918459 2881408 5298 8161
 16500000 150007114 377317285 2917436 2880386 5270 8117
 16560000 150007113 377317206 2918582 2881531 5472 8231
 16620000 150007143 377317215 2919074 2882023 6334 8351
 16680000 150007140 377317194 2918091 2881040 6006 8010
 16740000 150007167 377317245 2919646 2882596 5384 7825
 16800000 150007109 377317197 2918857 2881807 6202 8319
 16860000 150007118 377317207 2919026 2881975 6283 8267
 16920000 150007146 377317182 2918893 2881843 5829 7709
 16980000 150007082 377317276 2916902 2879852 5156 7302
 17040000 150007042 377317175 2916700 2879650 5385 8371
 17100000 150007074 377317213 2918057 2881007 5092 7827
 17160000 150007081 377317219 2917574 2880523 4717 6949
 17220000 150007031 377317217 2915891 2878841 4713 6814
 17280000 150007060 377317180 2916749 2879698 4684 7217
 17340000 150007120 377317191 2918282 2881231 4719 6703
 17400000 150007088 377317220 2918242 2881191 5121 7794
 17460000 150006966 377317188 2919046 2881995 5070 7823
 17520000 150007023 377317199 2918299 2881248 5141 7783
 17580000 150007130 377317201 2919527 2882477 6069 8520
 17640000 150007208 377317175 2918528 2881478 5556 7391
 17700000 150007116 377317216 2918338 2881287 5473 7418
 17760000 150007147 377317170 2918199 2881149 6255 8237
 17820000 150007056 377317127 2918577 2881527 5522 7787
 17880000 150007076 377317158 2917524 2880473 5929 8628
 18120000 150007066 377317231 2917902 2880851 6415 9057
 18180000 150007134 377317270 2917417 2880366 6033 8412
 18240000 150007106 377317220 2917417 2880366 5166 7296
 18300000 150007079 377317207 2919782 2882732 5859 8361
 18360000 150007089 377317255 2918306 2881255 6284 8277
 18420000 150007128 377317221 2918894 2881844 5495 8293
 18480000 150007089 377317205 2919101 2882050 5470 8149
 18540000 150007040 377317274 2918930 2881879 5589 9384
 18600000 150007091 377317283 2919789 2882738 6238 10093
 18660000 150007171 377317245 2918072 2881022 6473 10752
 18720000 150007155 377317218 2918197 2881146 7140 11279
 18780000 150007196 377317231 2920930 2883879 9185 13195
 18840000 150007098 377317166 2917844 2880794 6744 11674
 18900000 150007086 377317188 2917474 2880424 5560 11268
 18960000 150007045 377317210 2917448 2880397 4155 8273
 19020000 150007120 377317227 2918805 2881754 4182 8174
 19080000 150007085 377317265 2917108 2880057 3525 6390
 19140000 150007091 377317276 2918736 2881685 3708 7034
 19200000 150007060 377317249 2917907 2880857 3763 7111
 19260000 150007107 377317222 2917966 2880915 3801 7705
 19320000 150007108 377317241 2919616 2882565 4065 8443
 19380000 150007096 377317225 2916876 2879825 4196 9303
 19440000 150007049 377317277 2918729 2881678 4372 9451
 19500000 150007085 377317169 2917904 2880854 4278 9736
 19560000 150007117 377317254 2918945 2881895 4185 9090
 19620000 150007163 377317213 2917565 2880515 3978 7702
 19680000 150007107 377317249 2917876 2880825 4175 8153
 19740000 150007216 377317251 2918735 2881685 3880 8052
 19800000 150007188 377317268 2918673 2881622 3801 8224
 19860000 150007156 377317215 2920564 2883514 3651 8167
 19920000 150007188 377317245 2917737 2880687 3690 7985
 19980000 150007164 377317135 2921381 2884330 3572 8249
 20040000 150007144 377317163 2920018 2882967 3379 8185
 20100000 150007062 377317117 2919952 2882902 3622 8450
 20160000 150007029 377317208 2917639 2880588 3500 8308
 20220000 150007125 377317203 2919709 2882659 4021 9329
 20280000 150007132 377317141 2918397 2881347 3721 9583
 20340000 150007127 377317195 2918081 2881030 4538 11526
 20400000 150007138 377317170 2916283 2879232 4420 11823
 20460000 150007147 377317115 2917423 2880372 4380 11575
 20520000 150007110 377317196 2918375 2881324 3862 11681
 20580000 150007048 377317192 2917611 2880560 4012 11470
 20640000 150007109 377317096 2917514 2880463 3924 11050
 20700000 150007067 377317232 2914547 2877497 3805 11095
 20760000 150007086 377317274 2917624 2880573 3552 9488
 20820000 150007186 377317179 2917544 2880493 3233 8474
 20880000 150007182 377317173 2919664 2882613 3204 7831
 20940000 150007159 377317204 2920651 2883601 3296 7748
 21000000 150007177 377317178 2920794 2883744 3545 7901
 21060000 150007159 377317143 2918907 2881857 3583 9030
 21120000 150007145 377317198 2918838 2881788 3570 9597
 21180000 150007222 377317212 2918536 2881485 3755 10499
 21240000 150007122 377317264 2920325 2883274 3976 11262
 21300000 150007135 377317233 2921436 2884385 4073 12623
 21360000 150007096 377317190 2920676 2883626 4838 14767
 21420000 150007298 377317186 2926017 2888966 6176 18865
 21480000 150007317 377317150 2924445 2887395 6148 18390
 21720000 150007201 377317124 2918974 2881923 3648 10258
 21780000 150007132 377317191 2920558 2883508 3409 9744
 21840000 150008667 377314840 3055729 3018679 6313 16481
 21900000 150009407 377313102 3154720 3117670 11260 29606
 21960000 150007114 377317166 2921857 2884807 14820 41224
 22020000 150007103 377317144 2917847 2880796 14514 40152
 22080000 150007044 377317136 2919970 2882920 15774 45235
 22140000 150007002 377317178 2917394 2880343 14983 41943
 22200000 150007036 377317209 2916309 2879258 13574 37767
 22260000 150007061 377317261 2915177 2878127 12405 33393
 22320000 150007145 377317207 2919280 2882229 10141 27005
 22380000 150007061 377317267 2916931 2879881 9201 23568
 22440000 150007122 377317182 2917742 2880692 8981 22899
 22500000 150007095 377317192 2917916 2880865 8850 21948
 22560000 150007024 377317229 2914930 2877880 8583 20736
 22620000 150007089 377317190 2919106 2882056 8576 20356
 22680000 150007103 377317224 2917954 2880903 8619 20970
 22740000 150007097 377317185 2917427 2880376 8036 18490
 22800000 150007061 377317182 2917658 2880607 7172 16173
 22860000 150007068 377317241 2918180 2881129 6322 14610
 22920000 150007063 377317249 2916880 2879830 5768 12733
 22980000 150007068 377317222 2917864 2880814 5701 12172
 23040000 150007131 377317214 2920420 2883370 5485 11619
 23100000 150007107 377317212 2918469 2881418 5447 11198
 23160000 150007033 377317234 2917525 2880474 5481 11470
 23220000 150007136 377317212 2918458 2881407 5542 11676
 23280000 150007161 377317209 2919040 2881989 5702 12896
 23340000 150007100 377317194 2919262 2882212 4764 9970
 23400000 150007101 377317141 2919896 2882846 4174 8138
 23460000 150007239 377317114 2921342 2884291 4416 8573
 23520000 150007157 377317080 2920457 2883406 5685 13651
 23580000 150007116 377317127 2919959 2882908 5366 11943
 23640000 150007146 377317118 2921058 2884007 5329 11560
 23700000 150007120 377317096 2920505 2883455 5088 11009
 23760000 150007125 377317084 2921664 2884614 5430 12283
 23820000 150007188 377317067 2920608 2883558 5903 13487
 23880000 150007199 377317081 2921574 2884523 6275 15225
 23940000 150007097 377317193 2918300 2881249 6002 14124
 24000000 150007075 377317194 2919423 2882372 5199 10375
 24060000 150007169 377317123 2919022 2881971 5269 9930
 24120000 150007156 377317148 2921059 2884008 5557 10496
 24180000 150007053 377317145 2919142 2882092 5890 11352
 24240000 150007134 377317162 2918964 2881914 5104 8116
 24300000 150007122 377317120 2919470 2882420 5819 9649
 24360000 150007129 377317098 2921595 2884545 5840 10001
 24420000 150007165 377317118 2920758 2883708 5997 9806
 24480000 150007123 377317116 2918821 2881770 5332 8357
 24540000 150007031 377317182 2917048 2879997 6073 9878
 24600000 150007249 377317102 2920912 2883861 5797 9515
 24660000 150007151 377317146 2918713 2881663 7282 17072
 24720000 150007242 377317149 2920378 2883327 6552 13996
 24780000 150007113 377317121 2918421 2881371 7456 16203
 24840000 150007055 377317149 2916700 2879649 8352 18017
 24900000 150007073 377317210 2917321 2880270 5235 7342
 24960000 150007144 377317186 2919066 2882015 5876 8867
 25020000 150007086 377317200 2917524 2880474 5533 8505
 25080000 150007126 377317151 2919303 2882253 5532 8862
 25320000 150007121 377317232 2917386 2880336 4858 7216
 25380000 150007152 377317206 2919678 2882628 4974 7541
 25440000 150007207 377317123 2919237 2882186 5210 7803
 25500000 150007086 377317181 2917708 2880658 5226 7468
 25560000 150007120 377317197 2918738 2881687 5330 7579
 25620000 150007137 377317171 2919468 2882418 5660 7700
 25680000 150007072 377317224 2918249 2881198 5186 7608
 25740000 150007245 377317146 2920679 2883628 5462 8552
 25800000 150007213 377317091 2919242 2882191 4995 7461
 25860000 150007161 377317138 2919074 2882023 5090 7202
 25920000 150007169 377317145 2918264 2881214 4795 6938
 25980000 150007060 377317217 2917934 2880883 5504 8197
 26040000 150007171 377317122 2919700 2882650 9574 20650
 26100000 150007119 377317125 2919269 2882219 5270 7575
 26160000 150007152 377317138 2919154 2882104 4968 6999
 26220000 150007184 377317080 2920747 2883696 9946 19366
 26280000 150007101 377317133 2918124 2881073 4784 6364
 26340000 150007148 377317114 2920346 2883296 4627 6437
 26400000 150006974 377317209 2916058 2879008 4526 6527
 26460000 150007095 377317131 2919235 2882185 4087 5817
 26520000 150007028 377317186 2916308 2879257 4300 6146
 26580000 150007079 377317149 2917808 2880758 3962 5571
 26640000 150007091 377317156 2918281 2881230 3873 5252
 26700000 150007010 377317194 2916883 2879832 4310 5969
 26760000 150007001 377317194 2915936 2878885 5990 11662
 26820000 150007060 377317153 2918412 2881361 5753 11022
 26880000 150007154 377317067 2919991 2882940 5900 10960
 26939999 150007098 377317217 2916750 2879700 3730 4900
 26999999 150007126 377317147 2917422 2880372 3698 4833
 27060000 150007137 377317155 2918724 2881673 4389 5603
 27120000 150007174 377317177 2918803 2881753 3891 5335
 27180000 150007119 377317171 2918731 2881681 3918 5065
 27240000 150007145 377317119 2918753 2881702 4640 6145
 27300000 150007201 377317111 2919357 2882306 4423 5566
 27360000 150007200 377317096 2918806 2881756 4572 5865
 27420000 150007111 377317200 2918610 2881560 4698 5933
 27480000 150007117 377317135 2918144 2881094 4374 5900
 27540000 150007070 377317165 2919894 2882843 5926 10564
 27600000 150007066 377317119 2919133 2882083 5580 10133
 27660000 150007079 377317176 2918295 2881245 4281 5912
 27720000 150007169 377317191 2916975 2879925 6091 9968
 27780000 150007102 377317121 2919023 2881972 7173 11954
 27840000 150007006 377317214 2916382 2879331 5710 10177
 27900000 150007043 377317169 2917904 2880854 6149 10556
 27960000 150011120 377315064 3102911 3065861 5206 10139
 28020000 150014408 377313207 3258651 3221602 7567 16367
 28080000 150017900 377311336 3414579 3377530 10521 24129
 28140000 150007254 377316965 2931093 2894043 14381 47505
 28200000 150007111 377317102 2918598 2881547 13509 23206
 28260000 150007075 377317164 2917530 2880480 8133 11430
 28320000 150007041 377317181 2917494 2880443 7129 10149
 28380000 150007042 377317124 2918275 2881224 6436 9572
 28440000 150007057 377317179 2918227 2881177 5378 8211
 28500000 150007107 377317184 2917946 2880895 4922 8406
 28560000 150007124 377317194 2917963 2880912 5075 8429
 28620000 150007069 377317180 2918375 2881325 4214 7497
 28680000 150010236 377315322 3027467 2990417 9543 15855
 28920000 150007093 377317212 2918280 2881230 7346 14052
 28980000 150007038 377317182 2916813 2879762 6418 11959
 29040000 150007055 377317285 2918086 2881035 5907 11406
 29100000 150007041 377317216 2917925 2880874 6476 11056
 29160000 150007067 377317184 2916325 2879274 5875 10113
 29220000 150007088 377317145 2918439 2881388 5558 9713
 29280000 150007046 377317193 2917222 2880171 4996 8764
 29340000 150007119 377317226 2918279 2881229 4413 8932
 29400000 150007662 377317178 2909361 2872310 4648 9078
 29460000 150007130 377317266 2916426 2879375 5547 10169
 29520000 150007498 377317208 2906611 2869560 5085 9350
 29580000 150007569 377317442 2900769 2863718 5597 10717
 29640000 150007511 377317538 2897640 2860590 5335 11097
 29700000 150008348 377317558 2890282 2853232 5737 14398
 29760000 150007642 377317345 2901997 2864947 4392 11684
 29820000 150007473 377317252 2905414 2868363 3797 10588
 29880000 150007350 377317231 2907904 2870853 3274 9206
 29940000 150007281 377317195 2908632 2871582 2881 8113
 30000000 150007203 377317199 2909249 2872199 2636 7393
 30060000 150007170 377317170 2910613 2873562 2436 6563
 30120000 150007135 377317181 2916850 2879799 4694 9805
 30180000 150007228 377317118 2904098 2867048 3788 8811
 30240000 150007250 377317116 2910911 2873860 3135 6979
 30300000 150007273 377317177 2911386 2874335 2947 6997
 30360000 150007201 377317175 2911199 2874148 2688 6727
 30420000 150007200 377317151 2898196 2861146 3052 8420
 30480000 150007412 377317420 2904117 2867067 3438 11239
 30540000 150007360 377317377 2895548 2858497 4110 15512
 30600000 150007267 377317301 2892364 2855313 4684 18376
 30660000 150007104 377317104 2916313 2879262 5873 16256
 30720000 150007196 377317180 2912969 2875919 4048 12237
 30780000 150007144 377317187 2917462 2880411 5864 20638
 30840000 150006957 377317242 2906373 2869322 6020 29101
 30900000 150006468 377317209 2838146 2801096 6382 29888
 30960000 150007078 377317256 2913455 2876404 5137 22070
 31020000 150007048 377317520 2864757 2827707 4690 20015
 31080000 150007114 377317225 2913532 2876482 5365 23907
 31140000 150007150 377317552 2866081 2829030 4788 20958
 31200000 150007123 377317339 2911016 2873965 5871 25900
 31260000 150007006 377317557 2869822 2832771 4788 20649
 31320000 150007058 377317311 2910257 2873206 5722 23341
 31380000 150007016 377317848 2846562 2809511 5347 23295
 31440000 150006990 377317999 2828067 2791017 5785 25322
 31500000 150006779 377318224 2818821 2781770 6461 28905
 31560000 150006734 377318421 2787091 2750041 7739 36831
 31620000 150006589 377318412 2792150 2755100 9215 44460
 31680000 150006626 377317716 2847474 2810424 9548 42483
 31740000 150006733 377318088 2827867 2790816 9857 45205
 31800000 150006613 377317956 2838561 2801510 9728 45655
 31860000 150006756 377317922 2847832 2810782 9755 45714
 31920000 150006883 377317487 2885885 2848834 8056 33344
 31980000 150006963 377317331 2899035 2861984 6808 25589
 32040000 150007015 377317288 2904458 2867407 5904 21225
 32100000 150007014 377317283 2906149 2869099 5320 18645
 32160000 150007011 377317268 2907606 2870556 4756 16208
 32220000 150006996 377317148 2902303 2865252 5062 16841
 32280000 150007022 377317268 2905615 2868565 4702 15725
 32520000 150007001 377317165 2905109 2868059 4815 15605
 32580000 150007070 377317224 2910799 2873748 4845 15405
 32640000 150007146 377316618 2939660 2902610 12512 33527
 32700000 150009914 377318376 2916473 2879423 21357 40516
 32760000 150006159 377317623 2887206 2850156 17611 53965
 32820000 150006853 377317958 2884657 2847606 19279 61057
 32880000 150006911 377317322 2909913 2872863 12863 37308
 32940000 150006984 377317340 2909418 2872368 11203 31652
 33000000 150006874 377317307 2910487 2873436 10283 28709
 33060000 150007362 377317500 2910126 2873075 10899 29051
 33120000 150007233 377317179 2918874 2881824 7210 18597
 33180000 150007226 377317156 2919725 2882674 6163 15556
 33240000 150007193 377317173 2919097 2882046 5391 13348
 33300000 150007213 377317177 2919617 2882566 4864 11857
 33360000 150006959 377317311 2915831 2878780 5328 12684
 33420000 150007155 377317193 2918792 2881742 9948 22656
 33480000 150006388 377317612 2901027 2863976 18626 48398
 33540000 150006373 377318158 2882155 2845105 22175 58143
 33600000 150006578 377317500 2903339 2866288 9524 20886
 33660000 150006626 377317491 2905461 2868410 8060 17241
 33720000 150006658 377317435 2906912 2869861 7233 15224
 33780000 150006788 377317379 2909895 2872844 6446 13563
 33840000 150006826 377317353 2910659 2873609 6276 13063
 33900000 150006867 377317356 2911363 2874313 6119 12604
 33960000 150006904 377317352 2911813 2874762 6028 12410
 34020000 150006973 377317357 2913029 2875979 13332 26847
 34080000 150007026 377317254 2916366 2879316 14615 29380
 34140000 150007018 377317318 2915173 2878123 9577 19076
 34200000 150006987 377317333 2914409 2877358 7744 15489
 34260000 150006947 377317360 2913427 2876377 6803 13660
 34320000 150006941 377317374 2913429 2876378 6158 12361
 34380000 150006847 377317435 2911683 2874632 5806 11616
 34440000 150006967 377317274 2915383 2878332 11500 20956
 34500000 150006803 377317410 2911113 2874063 13111 24701
 34560000 150006604 377317599 2906470 2869419 13567 25020
 34620000 150006319 377318464 2913111 2876060 11607 20463
 34680000 150006663 377318380 2916753 2879703 11041 19176
 34740000 150006950 377318172 2921666 2884616 10530 17863
 34800000 150007088 377317880 2922102 2885051 8837 14283
 34860000 150007286 377317096 2919890 2882840 9591 13395
 34920000 150007195 377317292 2920588 2883537 6544 8784
 34980000 150007247 377317669 2925290 2888239 5840 8319
 35040000 150007172 377317829 2923886 2886835 5771 8476
 35100000 150007047 377317265 2916815 2879764 8999 12516
 35160000 150007094 377317299 2916785 2879734 8773 12363
 35220000 150007117 377317464 2919133 2882082 6102 8557
 35279999 150007034 377317746 2919492 2882441 5364 7545
 35339999 150006228 377318329 2904783 2867732 6683 9738
 35400000 150006451 377318172 2911241 2874190 5899 8166
 35460000 150005687 377318142 2923402 2886351 9472 13286
 35520000 150006294 377317935 2922068 2885017 8266 11464
 35580000 150006627 377317753 2921350 2884299 7238 9924
 35640000 150006704 377317693 2919946 2882895 6700 8906
 35700000 150006918 377318147 2923112 2886062 9231 11887
 35760000 150006857 377317624 2917701 2880651 8216 10341
 35820000 150008400 377318230 2944269 2907218 12210 17357
 35880000 150006852 377317461 2915208 2878157 7188 9139
 36120000 150006951 377317405 2912305 2875255 5358 7452
 36180000 150007028 377317285 2914319 2877268 4607 6230
 36240000 150007132 377317199 2916612 2879561 7873 11081
 36300000 150006866 377318021 2913170 2876119 11745 11106
 36360000 150007094 377317174 2917988 2880937 5700 7728
 36420000 150007071 377317154 2918468 2881417 4734 6421
 36480000 150007091 377317129 2917587 2880537 3931 5707
 36540000 150007089 377317198 2914994 2877944 4991 7016
 36600000 150006829 377317859 2917429 2880378 4125 5462
 36660000 150007218 377318422 2923975 2886925 5570 5791
 36720000 150007029 377317673 2920282 2883231 4094 5400
 36780000 150007020 377317578 2918661 2881611 4326 5342
 36840000 150007005 377317519 2919345 2882294 4347 5228
 36900000 150006774 377317686 2913112 2876062 4864 6383
 36960000 150006896 377317483 2915719 2878669 4139 5626
 37020000 150006924 377317388 2916354 2879304 3686 5133
 37080000 150006902 377317330 2918153 2881103 5423 8000
 37140000 150006926 377317214 2918875 2881825 4654 7706
 37200000 150005999 377317839 2910247 2873196 6781 9344
 37260000 150007227 377317167 2915469 2878419 4970 6900
 37320000 150006960 377317718 2907041 2869990 6558 9521
 37380000 150007121 377317487 2911554 2874504 5207 7412
 37440000 150007162 377317372 2912974 2875923 4505 6464
 37500000 150007158 377317335 2913395 2876345 3922 5663
 37560000 150007156 377317295 2914117 2877066 3204 4973
 37620000 150006908 377317451 2915468 2878418 4716 7921
 37680000 150006054 377318328 2890392 2853341 8349 14124
 37740000 150007132 377317227 2916168 2879117 5294 9016
 37800000 150006031 377318138 2892699 2855649 6399 10357
 37860000 150007137 377317239 2912829 2875778 6117 9980
 37920000 150006859 377317533 2907243 2870192 5648 8510
 37980000 150006860 377317578 2907197 2870146 5691 7776
 38040000 150006176 377317818 2898510 2861460 6657 8760
 38100000 150005902 377318154 2911369 2874318 8173 12048
 38160000 150006081 377317981 2887230 2850180 7954 11627
 38220000 150006900 377317409 2906371 2869320 5194 7719
 38280000 150006995 377317329 2910750 2873700 4227 6628
 38340000 150007028 377317323 2912144 2875094 3602 5940
 38400000 150006784 377317538 2908743 2871693 4031 6704
 38460000 150006797 377317491 2910198 2873147 4094 6682
 38520000 150006724 377317290 2914276 2877225 4810 7458
 38580000 150006797 377317184 2924406 2887355 5972 11032
 38640000 150005305 377315907 2920199 2883148 16821 23572
 38700000 150007095 377317192 2917672 2880622 5906 10578
 38760000 150005457 377317972 2893057 2856006 8609 15118
 38820000 150005616 377317948 2892850 2855800 9170 14031
 38880000 150005967 377317037 2907385 2870335 11963 18803
 38940000 150007090 377317070 2917347 2880297 9995 11983
 39000000 150006259 377316969 2911787 2874736 8868 12620
 39060000 150007113 377317103 2917131 2880080 5847 9791
 39120000 150005893 377316782 2910272 2873221 7039 10503
 39180000 150006041 377317548 2900147 2863096 6871 10072
 39240000 150006164 377317511 2899547 2862496 9044 14526
 39300000 150005927 377317479 2899730 2862680 7890 11590
 39360000 150006197 377316910 2910701 2873650 9772 14117
 39420000 150005607 377317299 2897968 2860918 9787 12868
 39480000 150006513 377316603 2918643 2881593 11669 15329
 39720000 150006563 377317424 2904558 2867507 15960 27510
 39780000 150005717 377317580 2893560 2856510 11317 18501
 39840000 150007355 377317242 2916234 2879184 9350 15248
 39900000 150008810 377316185 2948930 2911880 13691 21569
 39960000 150007487 377316791 2924285 2887235 13924 21527
 40020000 150007574 377316754 2925251 2888201 12763 19872
 40080000 150007497 377316847 2925500 2888449 12118 18647
 40140000 150007257 377316985 2921004 2883954 11306 17424
 40200000 150008007 377316680 2934039 2896989 8409 14865
 40260000 150006706 377317181 2912353 2875302 8337 13871
 40320000 150008864 377316056 2949929 2912879 15858 23511
 40380000 150007536 377316664 2928122 2891071 16015 23750
 40440000 150005693 377316148 2921951 2884901 18489 21355
 40500000 150005601 377316353 2916011 2878961 22323 19545
 40560000 150004720 377316172 2912239 2875188 26774 18782
 40620000 150004669 377316148 2912967 2875917 30525 18404
 40680000 150004491 377316103 2913275 2876224 32988 18049
 40740000 150005193 377315779 2923162 2886111 31687 19418
 40800000 150005933 377316246 2920641 2883590 29966 20267
 40860000 150006407 377316374 2923369 2886319 29171 20879
 40920000 150006489 377316571 2921281 2884230 28149 20921
 40980000 150006430 377316783 2917954 2880903 27017 20568
 41040000 150006644 377316872 2917733 2880683 25829 19984
 41100000 150007547 377317130 2933804 2896754 10550 18758
 41160000 150007047 377317128 2915116 2878066 16414 24119
 41220000 150006630 377316673 2927587 2890537 8257 14782
 41280000 150006451 377316861 2919839 2882788 7600 13418
 41340000 150002124 377316154 2877087 2840036 13335 23079
 41400000 150006051 377316788 2909024 2871973 8734 17004
 41460000 150006625 377316931 2914098 2877047 7097 13580
 41520000 150006780 377317079 2915466 2878415 6309 11302
 41580000 150006767 377317157 2915100 2878049 7776 13151
 41640000 150006916 377317157 2916601 2879551 7380 12276
 41700000 150007018 377317171 2918740 2881690 6253 10631
 41760000 150007033 377317196 2917950 2880899 5101 8796
 41820000 150007077 377317168 2918379 2881328 4391 7918
 41880000 150007111 377317148 2918876 2881825 3927 7615
 41940000 150007118 377317147 2919013 2881962 3397 6880
 42000000 150007113 377317125 2918561 2881511 3014 6252
 42060000 150006876 377316976 2919958 2882908 3995 6970
 42120000 150006977 377317086 2919683 2882632 3846 6501
 42180000 150007037 377317091 2920794 2883743 3621 6628
 42240000 150007066 377317087 2920949 2883898 3233 5625
 42300000 150007106 377317138 2921973 2884923 2815 5169
 42360000 150007124 377317221 2922821 2885770 2589 5223
 42420000 150007124 377317232 2922711 2885661 2430 5258
 42480000 150007103 377317230 2922023 2884972 2234 5033
 42540000 150007122 377317257 2922133 2885083 2170 4813
 42600000 150007225 377317337 2927103 2890052 3447 7789
 42660000 150007202 377317232 2925345 2888294 3381 7589
 42720000 150007161 377317205 2923271 2886220 3200 6976
 42780000 150007154 377317192 2922389 2885338 2803 6326
 42840000 150007127 377317051 2931273 2894223 2762 6700
 42900000 150007083 377317065 2923822 2886771 3192 8460
 42960000 150007081 377317183 2919206 2882155 3935 17017
 43020000 150007083 377317160 2919675 2882624 2558 6828
 43080000 150007062 377317174 2918916 2881865 2111 5061
 43320000 150007068 377317201 2918699 2881649 3220 6801
 43380000 150007289 377317173 2924709 2887658 5064 20066
 43440000 150007525 377317157 2923363 2886312 5467 8486
 43500000 150007954 377316901 2940824 2903774 4016 9605
 43560000 150007115 377317275 2918988 2881938 3054 6705
 43620000 150007111 377317276 2919738 2882687 3127 6159
 43680000 150007281 377317115 2932370 2895319 3382 8091
 43740000 150007092 377317197 2920149 2883099 3651 7780
 43800000 150007120 377317189 2919261 2882210 3475 7291
 43860000 150007079 377317209 2919168 2882117 3522 7251
 43920000 150007026 377317206 2919984 2882934 3248 6578
 43980000 150007044 377317236 2918784 2881733 3146 6206
 44040000 150007111 377317207 2920869 2883819 3457 8258
 44099999 150007102 377317147 2919276 2882225 3197 7614
 44159999 150007128 377317130 2919957 2882906 3260 6994
 44220000 150007097 377317219 2917374 2880324 3446 7018
 44280000 150007127 377317222 2917844 2880794 3514 7917
 44340000 150007124 377317235 2916676 2879626 3625 7753
 44400000 150007099 377317250 2919289 2882239 3997 10293
 44460000 150007100 377317273 2919004 2881953 4180 11031
 44520000 150007092 377317235 2918638 2881588 4373 10898
 44580000 150007119 377317223 2919420 2882370 4552 11260
 44640000 150007583 377316293 2977024 2939973 8408 29992
 44700000 150007095 377317271 2920148 2883098 8362 31536
 44760000 150007113 377317249 2919316 2882265 5727 16717
 44820000 150007065 377317279 2916858 2879808 5960 17095
 44880000 150007070 377317192 2918026 2880976 5166 12386
 44940000 150007131 377317196 2919873 2882822 5786 16032
 45000000 150007146 377317189 2919150 2882099 4560 10956
 45060000 150007104 377317216 2918287 2881237 4481 10182
 45120000 150007062 377317314 2917234 2880184 4004 8403
 45180000 150007084 377317289 2915947 2878897 3971 7543
 45240000 150007094 377317208 2918992 2881942 4107 8089
 45300000 150007114 377317196 2918017 2880967 4084 7793
 45360000 150007139 377317180 2918996 2881945 4004 7527
 45420000 150007082 377317185 2917535 2880484 4087 8147
 45480000 150007175 377317135 2919866 2882815 4200 9133
 45540000 150007097 377317139 2919431 2882381 4078 8072
 45600000 150006441 377318176 2938737 2901686 4762 7860
 45660000 150007106 377317180 2919632 2882582 4228 8057
 45720000 150006581 377317973 2929552 2892501 4624 7602
 45780000 150007099 377317240 2917567 2880517 4809 9759
 45840000 150006602 377317924 2922674 2885623 4655 7411
 45900000 150007030 377317277 2916460 2879409 4530 7895
 45960000 150006647 377317751 2931138 2894088 5541 8310
 46020000 150006520 377317848 2923656 2886606 5152 7608
 46080000 150006809 377317520 2923602 2886552 5815 7813
 46140000 150006657 377317707 2921081 2884030 5024 7270
 46200000 150006993 377317313 2935822 2898772 5434 9649
 46260000 150006808 377317518 2917966 2880916 5157 7911
 46320000 150006956 377317379 2917748 2880698 3662 5988
 46380000 150007160 377317400 2924226 2887175 4032 6729
 46440000 150007110 377317253 2917546 2880495 3873 6469
 46500000 150007098 377317210 2918743 2881692 3633 6030
 46560000 150008209 377315900 3012565 2975515 5022 14023
 46620000 150007084 377317357 2924902 2887851 3898 7231
 46680000 150007406 377316856 2949011 2911961 4316 11015
 46920000 150007377 377316761 2929738 2892688 10390 13539
 46980000 150007256 377317043 2924078 2887028 5057 9920
 47040000 150006916 377317557 2915992 2878942 6739 10936
 47100000 150007062 377317171 2922259 2885208 7754 11315
 47160000 150007400 377316868 2921294 2884244 5326 9125
 47220000 150007165 377317213 2918730 2881679 5842 9427
 47280000 150007299 377317336 2926042 2888992 5074 8162
 47340000 150006456 377317793 2916563 2879513 9938 13722
 47400000 150007218 377317089 2926475 2889424 6067 11026
 47460000 150006809 377317673 2912715 2875664 7089 11603
 47520000 150006861 377317575 2915257 2878207 7532 11848
 47580000 150006822 377317688 2912490 2875440 7740 12212
 47640000 150006796 377317619 2912600 2875549 7916 12371
 47700000 150006875 377317551 2912832 2875781 7901 12250
 47760000 150006874 377317415 2914920 2877870 7671 11407
 47820000 150006634 377317674 2910569 2873518 6210 9112
 47880000 150006919 377317367 2916856 2879806 6018 8736
 47940000 150007367 377317067 2921164 2884114 12011 16660
 48000000 150007117 377317337 2911900 2874849 12008 16589
 48060000 150006716 377317308 2915440 2878390 11860 15396
 48120000 150006626 377317437 2911953 2874903 12119 15510
 48180000 150006496 377317655 2906497 2869447 13214 17134
 48240000 150006624 377317282 2914140 2877089 14266 16815
 48300000 150006984 377317160 2918320 2881269 4468 7580
 48360000 150007074 377317163 2918958 2881907 3532 6283
 48420000 150007122 377317163 2919808 2882758 3096 5529
 48480000 150007136 377317168 2920135 2883084 2747 4899
 48540000 150007329 377317344 2936676 2899626 4481 7962
 48600000 150005996 377317351 2921949 2884898 10516 18095
 48660000 150006479 377317525 2911180 2874129 12245 17793
 48720000 150006284 377317898 2898075 2861025 15152 19590
 48780000 150006134 377317917 2891233 2854182 17215 21245
 48840000 150006526 377317770 2897308 2860257 15643 20021
 48900000 150006518 377317642 2902066 2865015 13861 17871
 48960000 150006634 377317576 2903937 2866886 12751 16461
 49020000 150007621 377317198 2912616 2875565 7194 13823
 49080000 150007200 377317215 2914536 2877486 4608 8994
 49140000 150007159 377317207 2916070 2879020 3615 6851
 49200000 150007246 377317093 2932535 2895484 4854 8749
 49260000 150007104 377317041 2930905 2893854 4849 8804
 49320000 150007061 377317173 2927793 2890743 4035 7416
 49380000 150007044 377317232 2926353 2889302 3302 6130
 49440000 150007008 377317194 2925841 2888790 3030 5789
 49500000 150007032 377317181 2925706 2888656 2903 5596
 49560000 150007042 377317161 2926579 2889529 2784 5539
 49620000 150007031 377317174 2926440 2889390 2637 5394
 49680000 150007034 377317174 2926012 2888962 2456 5068
 49740000 150006888 377316807 2931979 2894928 3224 6366
 49800000 150007053 377317232 2922884 2885833 2767 5801
 49860000 150007962 377317363 2913959 2876908 7702 25453
 49920000 150008021 377317294 2874482 2837431 7928 24993
 49980000 150007058 377317100 2914020 2876969 4836 11771
 50040000 150007063 377317065 2918373 2881323 3950 9012
 50100000 150007056 377317077 2918589 2881538 3416 7639
 50160000 150007526 377317294 2948259 2911209 7263 23543
 50220000 150007907 377317305 2935702 2898651 7524 29905
 50280000 150007591 377316982 2919775 2882724 6969 22857
 50520000 150007342 377317161 2913760 2876709 5052 14053
 50580000 150007238 377317058 2909260 2872209 4385 10052
 50640000 150007237 377317123 2912536 2875486 4029 9345
 50700000 150007093 377316964 2896218 2859168 3850 9862
 50760000 150007206 377317049 2901054 2864003 3994 11175
 50820000 150007292 377317050 2900807 2863757 3817 11491
 50880000 150007101 377316940 2899548 2862498 3741 12244
 50940000 150007233 377316971 2898048 2860998 3818 13308
 51000000 150007256 377317016 2898814 2861764 3884 14319
 51060000 150007209 377317380 2947972 2910921 12284 40947
 51120000 150006830 377317069 2932940 2895890 9205 37258
 51180000 150007218 377316985 2916011 2878960 8211 34478
 51240000 150007102 377317003 2912207 2875157 8028 34720
 51300000 150007418 377317132 2906272 2869221 7782 38423
 51360000 150006973 377316966 2919263 2882213 7742 38580
 51420000 150007108 377317063 2914124 2877074 7419 34826
 51480000 150007288 377317214 2910793 2873742 7365 37367
 51540000 150007142 377316913 2908241 2871190 7507 37109
 51600000 150007166 377317029 2911979 2874928 7393 35093
 51660000 150007258 377317140 2924771 2887720 7469 35457
 51720000 150007203 377317146 2923316 2886266 7497 36092
 51780000 150007247 377317094 2924542 2887491 7401 36296
 51840000 150007214 377317151 2927416 2890366 7255 36391
 51900001 150007229 377317140 2928988 2891938 7175 36614
 51960000 150007271 377317138 2927963 2890912 7052 36557
 52020000 150007277 377317171 2930206 2893156 6910 36312
 52080000 150007277 377317218 2933603 2896552 6876 36405
 52140000 150007021 377317216 2914595 2877544 10292 42590
 52200000 150007025 377317096 2911153 2874103 11098 42505
 52260000 150006925 377317099 2911052 2874001 10758 45811
 52320000 150007036 377317148 2913055 2876005 9802 34879
 52380000 150007102 377317147 2915568 2878518 9747 39144
 52440000 150007204 377317094 2918218 2881168 8230 30636
 52500000 150007107 377317142 2918061 2881011 6972 24407
 52560000 150007027 377317134 2914268 2877217 6973 28196
 52620000 150006944 377317194 2911265 2874215 5710 18243
 52680000 150007097 377317142 2914877 2877826 5353 16472
 52740000 150007051 377317182 2915443 2878393 5160 16910
 52800000 150007072 377317149 2914827 2877776 4664 13899
 52860000 150007049 377317159 2915158 2878108 4503 14206
 52920000 150007052 377317140 2915883 2878833 4255 12426
 52980000 150007179 377317161 2920114 2883063 4437 14343
 53040000 150007155 377317217 2915904 2878854 4355 14671
 53100000 150007029 377317240 2916854 2879804 3879 12014
 53160000 150007012 377317214 2917367 2880317 3861 10440
 53220000 150007068 377317168 2917706 2880655 4030 11803
 53280000 150007021 377317140 2914548 2877498 4547 13528
 53340000 150007121 377317103 2917528 2880477 4741 14434
 53400000 150007129 377317129 2916528 2879477 4860 16020
 53460000 150007025 377317142 2916653 2879602 4980 14960
 53520000 150007023 377317146 2914414 2877363 4580 14087
 53580000 150006902 377317228 2910134 2873084 5039 16113
 53640000 150007035 377317109 2912994 2875943 4825 13799
 53700000 150006959 377317132 2914307 2877256 4593 11180
 53759999 150006982 377317193 2914713 2877662 4620 12318
 53819999 150007008 377317165 2914849 2877799 4496 11581
 53880000 150007016 377317160 2917949 2880899 3184 8290
 54120000 150007062 377317203 2922461 2885410 1876 4730
 54180000 150007067 377317203 2924016 2886966 1785 4619
 54240000 150007063 377317214 2924617 2887566 1723 4539
 54300000 150007073 377317217 2924941 2887890 1675 4419
 54360000 150007085 377317213 2926197 2889146 1654 4371
 54420000 150007079 377317212 2927552 2890502 1661 4467
 54480000 150009588 377315175 2989633 2952583 11786 23378
 54540000 150007597 377316968 2930320 2893269 21322 41525
 54600000 150007080 377316968 2946112 2909061 19202 36684
 54660000 150007035 377317207 2915958 2878907 6131 9988
 54720000 150015489 377311629 3104484 3067435 18540 33725
 54780000 150007216 377317004 2922171 2885121 7916 14387
 54840000 150010327 377314257 2994470 2957421 12575 20185
 54900000 150011804 377314200 3012944 2975894 20599 33050
 54960000 150008201 377315604 2947560 2910510 13750 21775
 55020000 150007368 377316279 2929954 2892903 11123 16463
 55080000 150007092 377316303 2921398 2884348 12014 16981
 55140000 150007114 377317168 2923850 2886799 9918 15949
 55200000 150007103 377316915 2924499 2887448 7141 11775
 55260000 150007147 377317226 2920907 2883856 5902 10237
 55320000 150007254 377316883 2934109 2897058 7415 12894
 55380000 150007208 377316847 2926499 2889449 8515 14099
 55440000 150007199 377317223 2942535 2905485 8761 21023
 55500000 150007170 377317111 2907388 2870337 8749 16007
 55560000 150007217 377317118 2914011 2876960 6048 9832
 55620000 150007199 377317136 2916182 2879131 4953 7857
 55680000 150007146 377317122 2917579 2880528 4216 6615
 55740000 150007224 377316763 2935174 2898124 7913 13345
 55800000 150007493 377316857 2970671 2933621 9310 30893
 55860000 150007148 377317142 2917389 2880338 7296 11111
 55920000 150007187 377317062 2935240 2898189 5530 9218
 55980000 150007129 377317057 2934137 2897086 5130 8319
 56040000 150007518 377316499 2963428 2926378 5750 12853
 56100000 150007132 377317041 2928108 2891057 4508 7244
 56160000 150007382 377316758 2943878 2906828 4703 9011
 56220000 150007505 377316996 2938746 2901696 4194 9953
 56280000 150007566 377316972 2941729 2904678 4079 10732
 56340000 150007131 377317147 2919079 2882028 8182 25070
 56400000 150006971 377317159 2914941 2877891 3267 5791
 56460000 150007137 377317072 2923607 2886557 2868 5722
 56520000 150007162 377317109 2923681 2886630 2862 6475
 56580000 150007237 377317037 2928510 2891459 3050 7617
 56640000 150007289 377317032 2930247 2893196 3425 9175
 56700000 150007305 377317007 2931596 2894546 3805 10801
 56760000 150007333 377317006 2932965 2895914 4268 12573
 56820000 150007335 377316985 2933399 2896349 4565 13850
 56880000 150007340 377317034 2932093 2895043 4612 14429
 56940000 150007335 377316996 2931957 2894906 4689 14775
 57000000 150007308 377317028 2930009 2892958 4688 14777
 57060000 150007254 377317098 2930895 2893845 4765 15088
 57120000 150007281 377316955 2926629 2889578 4777 14872
 57180000 150007209 377317025 2925727 2888676 4756 14566
 57240000 150007322 377316940 2930548 2893497 5748 8705
 57300000 150009403 377316145 3010471 2973421 8855 24885
 57360000 150008745 377316405 2982235 2945184 8859 27844
 57420000 150007766 377316671 2949991 2912940 9608 29871
 57480000 150007222 377317116 2925081 2888030 7216 16647
 57720000 150007402 377316850 2931148 2894097 5799 14389
 57780000 150007139 377317071 2917422 2880371 4525 8614
 57840000 150007258 377317151 2937138 2900087 6247 8930
 57900000 150007151 377317967 3003302 2966252 10046 22575
 57960000 150007052 377318009 3004688 2967638 9776 28838
 58020000 150008240 377317558 3031394 2994343 11001 35638
 58080000 150008348 377317476 3028255 2991204 11181 41009
 58140000 150006841 377317802 2952601 2915551 8827 29503
 58200000 150007482 377317592 2972624 2935573 8998 31336
 58260000 150007349 377317713 2969517 2932466 9352 33435
 58320000 150006681 377317197 2896241 2859190 6893 17325
 58380000 150007168 377317178 2918090 2881039 7460 18734
 58440000 150006656 377317132 2902962 2865911 5416 10333
 58500000 150008655 377317733 3002140 2965090 19570 69554
 58560000 150007057 377317247 2918694 2881644 7989 13464
 58620000 150007046 377317180 2920568 2883517 7922 13297
 58680000 150007040 377317212 2920075 2883025 7653 12717
 58740000 150007072 377317167 2919152 2882101 6827 11244
 58800000 150007031 377317238 2917488 2880437 6571 10812
 58860000 150007264 377317273 2919260 2882209 6789 11001
 58920000 150007090 377317239 2917935 2880884 6198 10741
 58980000 150007093 377317174 2916818 2879768 5869 10003
 59040000 150007049 377317197 2917378 2880327 5873 10685
 59100000 150007131 377317162 2919270 2882219 6260 11125
 59160000 150007057 377317149 2919008 2881957 5742 10739
 59220000 150007107 377317206 2918476 2881425 5713 9876
 59280000 150007132 377317258 2917185 2880135 6333 11556
 59340000 150007189 377317163 2919230 2882180 6123 11397
 59400000 150007149 377317086 2920406 2883356 6319 12418
 59460000 150007127 377317158 2919644 2882594 6662 12644
 59520000 150007152 377317202 2919721 2882671 5046 8615
 59580000 150007056 377317224 2919467 2882416 5163 8934
 59640000 150007103 377317224 2917662 2880611 4817 7999
 59700000 150007154 377317169 2919509 2882458 4635 7731
 59760000 150007213 377317246 2919319 2882269 4764 8086
 59820000 150007093 377317219 2920153 2883102 4551 8042
 59880000 150007103 377317176 2921162 2884111 4217 7308
 59940000 150007132 377317170 2919505 2882455 4161 7025
 60000000 150007165 377317231 2919261 2882210 4328 6920
 60060000 150007100 377317241 2918186 2881135 5031 9039
 60120000 150007107 377317295 2919087 2882037 4644 8864
 60180000 150007107 377317305 2918832 2881781 4699 9165
 60240000 150007064 377317306 2917967 2880917 4689 9130
 60300000 150007102 377317170 2920071 2883020 4718 9068
 60360000 150007133 377317252 2920227 2883176 4324 8661
 60420000 150007156 377317311 2920862 2883811 4454 8636
 60480000 150007155 377317219 2921582 2884531 3866 8428
 60540000 150007093 377317206 2922078 2885027 3784 8561
 60600000 150007063 377317197 2921746 2884696 3244 6709
 60660001 150007117 377317190 2922643 2885593 3303 6691
 60720000 150007158 377317229 2919543 2882493 3662 8386
 60780000 150007180 377317154 2919943 2882893 3169 6499
 60840000 150007104 377317269 2919107 2882056 3366 7061
 60900000 150007161 377317250 2920326 2883276 3339 6842
 60960000 150007106 377317217 2920679 2883629 3375 6796
 61020000 150007116 377317201 2922138 2885088 3123 6643
 61080000 150007059 377317230 2920943 2883892 3340 7230
 61320000 150007032 377317163 2919781 2882730 3147 6755
 61380000 150007077 377317210 2919794 2882743 3232 7250
 61440000 150007129 377317160 2920675 2883624 3351 7361
 61500000 150007157 377317162 2920624 2883573 3259 7373
 61560000 150007140 377317181 2919452 2882402 3128 7313
 61620000 150007102 377317198 2918151 2881100 3267 7711
 61680000 150007132 377317172 2920675 2883624 3128 7265
 61740000 150007102 377317121 2919049 2881999 3113 7315
 61800000 150007139 377317161 2918534 2881483 3182 8001
 61860000 150007144 377317116 2920114 2883064 3248 7916
 61920000 150007104 377317147 2918602 2881551 3504 8279
 61980000 150007058 377317110 2917995 2880945 3227 8166
 62040000 150007091 377317057 2917969 2880919 3368 8028
 62100000 150007065 377317035 2919628 2882577 3434 8601
 62160000 150007043 377317087 2917960 2880909 3324 8034
 62220000 150007072 377317056 2919314 2882264 3470 8361
 62280000 150007089 377317110 2920771 2883720 3656 8896
 62340000 150007105 377317186 2918556 2881506 3750 9034
 62400000 150007123 377317186 2919955 2882904 3507 8628
 62460000 150007085 377317084 2919826 2882776 3781 9992
 62520000 150007102 377317103 2920412 2883361 3572 9033
 62580000 150007103 377317146 2919160 2882110 3294 8790
 62640000 150007120 377317156 2919422 2882371 4097 9343
 62700000 150007115 377317124 2918507 2881457 4256 9922
 62760000 150007119 377317145 2918476 2881426 4333 9812
 62820000 150007175 377317221 2919663 2882613 4086 9812
 62880000 150007091 377317152 2917292 2880241 3719 9447
 62940000 150007140 377317165 2918041 2880990 3745 10071
 63000000 150007093 377317139 2917587 2880537 3576 10010
 63060000 150007099 377317079 2918635 2881585 3630 9605
 63120000 150007100 377317162 2918284 2881234 3450 9555
 63180000 150007108 377317137 2916632 2879582 3367 8603
 63240000 150007109 377317155 2917218 2880167 4046 9797
 63300000 150007169 377317244 2920670 2883619 3877 9503
 63360000 150007113 377317222 2918930 2881879 4008 10239
 63420000 150007168 377317178 2919348 2882297 4341 11071
 63480000 150007142 377317209 2919996 2882945 4407 10867
 63540000 150007152 377317207 2917926 2880876 4027 9397
 63600000 150007085 377317136 2917590 2880540 3743 9575
 63660000 150007105 377317131 2917646 2880595 3726 9375
 63720000 150007135 377317146 2918996 2881945 4203 10436
 63780000 150007132 377317132 2916089 2879038 3933 10051
 63840000 150007181 377317171 2919178 2882127 3871 9919
 63900000 150007175 377317140 2917283 2880233 4192 10764
 63960000 150007138 377317158 2917732 2880681 3912 10011
 64020000 150007126 377317122 2918775 2881724 3788 10144
 64080000 150007122 377317159 2918076 2881025 3831 10106
 64140000 150007097 377317146 2916565 2879515 4211 10769
 64200000 150007104 377317109 2918285 2881235 4225 10789
 64260000 150007145 377317135 2917635 2880584 4498 11399
 64320000 150007088 377317164 2917366 2880316 4004 10456
 64380000 150007085 377317140 2917167 2880116 4261 10479
 64440000 150007104 377317138 2917546 2880496 4205 10278
 64500000 150007053 377317129 2917527 2880476 4284 9859
 64560000 150007074 377317130 2917648 2880597 4410 10089
 64620000 150007074 377317166 2916718 2879667 4106 9022
 64680000 150007113 377317169 2917438 2880388 3977 8149
 64920000 150007154 377317112 2918807 2881756 4414 8082
 64980000 150007115 377317134 2917687 2880636 4155 8115
 65040000 150013289 377313957 3147890 3110840 7123 15044
 65100000 150007301 377317008 2924251 2887200 10185 23058
 65160000 150007114 377317115 2919157 2882106 5836 11053
 65220000 150007122 377317172 2917727 2880677 5896 11355
 65280000 150007087 377317186 2918338 2881288 4796 9523
 65340000 150007123 377317178 2917985 2880935 4517 9363
 65400000 150007112 377317170 2917677 2880627 4209 8639
 65460000 150007137 377317102 2916432 2879381 3829 8099
 65520000 150007192 377317136 2917267 2880216 3766 7861
 65580000 150007167 377317140 2918899 2881848 3658 7774
 65640000 150007104 377317168 2916443 2879392 3639 7499
 65700000 150007174 377317127 2916245 2879194 3664 8135
 65760000 150007109 377317112 2918786 2881736 3642 7740
 65820000 150007131 377317196 2916569 2879519 3729 7910
 65880000 150007144 377317210 2917125 2880074 3854 7796
 65940000 150007216 377317137 2917377 2880326 3716 7701
 66000000 150007205 377317136 2917941 2880890 3633 7499
 66060000 150007190 377317168 2919706 2882656 3702 7046
 66120000 150007144 377317162 2919136 2882086 3640 7065
 66180000 150007236 377317163 2919642 2882592 3628 6765
 66240000 150007217 377317108 2919097 2882047 3493 6804
 66300000 150007117 377317194 2917076 2880025 3725 6896
 66360000 150007173 377317173 2916625 2879575 3658 6976
 66420000 150007181 377317119 2918591 2881541 3890 7203
 66480000 150007215 377317068 2919256 2882205 3988 7122
 66540000 150007214 377317100 2919299 2882249 4002 6785
 66600000 150007227 377317087 2919598 2882547 4253 7544
 66660000 150007245 377317026 2920294 2883243 3928 6686
 66720000 150007197 377317087 2918776 2881726 4484 7301
 66780000 150007232 377317081 2919651 2882601 4618 7594
 66840000 150007205 377317067 2918595 2881545 4697 7434
 66900000 150007224 377317079 2918950 2881899 4191 7079
 66960000 150007227 377317082 2918661 2881611 4251 7129
 67020000 150007242 377317025 2920419 2883368 4390 7859
 67080000 150007163 377317103 2919339 2882288 4700 7122
 67140000 150007192 377317124 2919751 2882701 4588 7079
 67200000 150007169 377317078 2918132 2881081 4876 7569
 67260000 150007223 377317151 2918552 2881501 4919 7870
 67320000 150007151 377317177 2918974 2881924 5361 7440
 67380000 150007155 377317110 2918667 2881616 5821 8367
 67440000 150007047 377317134 2917157 2880107 5483 7451
 67500000 150007261 377317060 2920996 2883946 6130 8841
 67560000 150007133 377317131 2917945 2880895 6219 9104
 67620000 150007200 377317129 2917786 2880736 6553 9202
 67680000 150007166 377317130 2919123 2882072 5860 9539
 67740000 150007142 377317141 2919483 2882432 5835 9334
 67800000 150007191 377317143 2920313 2883263 5763 9136
 67860000 150007332 377317117 2919480 2882430 5307 8419
 67920000 150007199 377317110 2921209 2884159 5943 9594
 67980000 150007143 377317135 2918663 2881612 5712 9002
 68040000 150007238 377317109 2919342 2882291 5853 9240
 68100000 150007199 377317047 2920270 2883220 6929 9766
 68160000 150007196 377317063 2920393 2883343 7032 9718
 68220000 150007220 377317068 2920261 2883210 6817 9123
 68280000 150007168 377317141 2918146 2881095 8082 10869
 68520000 150007212 377317142 2919833 2882783 6352 7870
 68580000 150007161 377317172 2919845 2882794 6264 7846
 68640000 150007156 377317169 2919381 2882330 7394 9408
 68700000 150007331 377317136 2919873 2882823 7467 10713
 68760000 150007269 377317205 2918135 2881085 5941 8029
 68820000 150007168 377317216 2918066 2881015 6383 8057
 68880000 150007132 377317244 2917971 2880920 6024 8264
 68940000 150007179 377317181 2918870 2881819 7062 8903
 69000000 150007140 377317179 2917586 2880535 6611 8222
 69060000 150007222 377317106 2918769 2881718 6125 8135
 69120000 150007158 377317124 2918902 2881851 5599 7637
 69180000 150007201 377317112 2919335 2882284 7535 10538
 69240000 150007085 377317185 2916626 2879576 5978 8034
 69300000 150007169 377317173 2917911 2880860 5901 8128
 69360000 150007217 377317169 2918453 2881403 6621 9542
 69420000 150007249 377317104 2919429 2882379 6487 9576
 69480000 150007122 377317193 2918704 2881654 6109 8830
 69540000 150007180 377317131 2919738 2882688 6436 9296
 69600000 150007188 377317135 2919169 2882119 6201 9254
 69660000 150007285 377317080 2920664 2883613 7089 11298
 69720000 150007206 377317196 2919331 2882281 6605 10537
 69780000 150007132 377317183 2918675 2881624 7080 12407
 69840000 150007144 377317239 2919480 2882430 7063 12580
 69900000 150007328 377317192 2917764 2880713 9940 19393
 69960000 150007109 377317153 2920806 2883755 9829 19674
 70020000 150006983 377317043 2924893 2887843 10138 22138
 70080000 150007310 377317120 2921767 2884717 7659 13371
 70140000 150007120 377317203 2918246 2881195 7359 11686
 70200000 150007242 377317167 2918906 2881855 7624 13028
 70260000 150007096 377317171 2918067 2881016 7007 13124
 70320000 150007173 377317238 2918667 2881617 6970 13440
 70380000 150007267 377317200 2918296 2881246 6760 12844
 70440000 150007160 377317178 2917943 2880893 6378 12334
 70500000 150007205 377317206 2919180 2882129 5821 9815
 70560000 150007324 377317201 2920134 2883083 5574 10030
 70620000 150007137 377317262 2919520 2882470 5785 10384
 70680000 150007176 377317254 2919907 2882857 5647 10663
 70740000 150007268 377317269 2920280 2883230 5037 9213
 70800000 150007140 377317213 2917556 2880506 5508 11005
 70860000 150007106 377317292 2918061 2881010 4984 9445
 70920000 150007065 377317311 2917868 2880818 5185 9598
 70980000 150007108 377317231 2918319 2881269 4863 8575
 71040000 150007137 377317248 2917574 2880524 4957 9394
 71100000 150007183 377317288 2919661 2882611 4551 7673
 71160000 150007131 377317292 2917549 2880498 4455 7709
 71220000 150007189 377317177 2919256 2882205 4550 7841
 71280000 150007146 377317235 2917407 2880356 4435 7139
 71340000 150007167 377317241 2919391 2882340 4368 7238
 71400000 150007021 377317315 2917171 2880120 4310 7328
 71460000 150007202 377317165 2918495 2881445 4436 7398
 71520000 150007134 377317257 2917378 2880327 3858 5713
 71580000 150007075 377317202 2918615 2881565 3836 5683
 71640000 150007141 377317211 2918228 2881177 3765 5658
 71700000 150007200 377317199 2919299 2882248 3803 6002
 71760000 150007173 377317184 2918592 2881542 3762 5837
 71820000 150007206 377317164 2918206 2881155 3776 5486
 71880000 150007165 377317236 2916886 2879835 3782 5911
 72120000 150007143 377317207 2918416 2881365 3686 5609
 72180000 150007141 377317210 2918129 2881078 3674 5585
 72240000 150007097 377317186 2916899 2879848 3800 5858
 72300000 150007076 377317236 2917551 2880500 3832 6294
 72360000 150007058 377317232 2918036 2880985 3638 5528
 72420000 150007144 377317277 2916067 2879016 3801 6402
 72480000 150007168 377317208 2917039 2879989 4267 8139
 72540000 150007102 377317171 2918676 2881626 4351 7904
 72600000 150007127 377317160 2919451 2882401 4041 7970
 72660000 150007195 377317182 2919164 2882113 4268 8117
 72720000 150007062 377317176 2920014 2882964 4093 7966
 72780000 150007119 377317244 2916476 2879425 4058 8132
 72840000 150007134 377317194 2916821 2879771 4095 8032
 72900000 150007145 377317241 2917946 2880895 4191 8640
 72960000 150007112 377317209 2917756 2880706 4147 8809
 73020000 150007273 377317163 2921982 2884932 4206 8379
 73080000 150007216 377317140 2921450 2884399 4548 9813
 73140000 150007250 377317134 2922689 2885639 4612 9911
 73200000 150007239 377317229 2917697 2880646 4294 9401
 73260000 150007048 377317209 2919687 2882636 4659 10339
 73320000 150007086 377317223 2917722 2880671 4396 9433
 73380000 150007137 377317209 2917648 2880597 4295 8685
 73440000 150007028 377317244 2917454 2880403 4200 8272
 73500000 150007069 377317196 2917483 2880432 4109 8078
 73560000 150007074 377317231 2916854 2879804 3934 6965
 73620000 150007141 377317260 2916666 2879615 3974 7054
 73680000 150007144 377317204 2918351 2881300 4002 7172
 73740000 150007099 377317254 2916079 2879028 4171 7225
 73800000 150007148 377317199 2916902 2879852 4170 8251
 73860000 150007118 377317230 2915512 2878461 4491 8662
 73920000 150007205 377317197 2916183 2879133 4412 9200
 73980000 150007202 377317226 2914507 2877457 4543 9577
 74040000 150007115 377317218 2916261 2879210 5017 10972
 74100000 150007092 377317216 2916267 2879216 4808 10293
 74160000 150007117 377317273 2916240 2879189 5046 10483
 74220000 150007173 377317179 2916584 2879534 4720 10634
 74280000 150007236 377317265 2916928 2879877 4621 9818
 74340000 150007264 377317136 2918825 2881774 4623 9659
 74400000 150007157 377317279 2918475 2881424 4646 8584
 74459999 150007133 377317247 2916117 2879066 4593 7216
 74519999 150007107 377317236 2916419 2879369 4563 7249
 74580000 150007186 377317195 2916825 2879774 4665 7421
 74640000 150007165 377317167 2917860 2880809 4751 7492
 74700000 150007127 377317177 2918011 2880961 4570 7244
 74760000 150007095 377317242 2917418 2880368 5309 7755
 74820000 150007188 377317250 2918496 2881446 5270 8009
 74880000 150007160 377317242 2916916 2879865 5071 9104
 74940000 150007122 377317244 2918431 2881381 5146 9922
 75000000 150007139 377317198 2917871 2880821 5164 9851
 75060000 150007152 377317257 2917987 2880936 4831 9583
 75120000 150007098 377317252 2917011 2879960 5748 11038
 75180000 150007091 377317202 2917256 2880205 5839 12349
 75240000 150007146 377317169 2916622 2879572 5950 12371
 75300000 150007198 377317079 2916312 2879262 5690 11787
 75360000 150007187 377317118 2917466 2880416 5457 11763
 75420000 150007123 377317191 2917235 2880184 6766 13073
 75480000 150007251 377317172 2918244 2881193 6825 13106
 75720000 150007228 377317202 2917008 2879958 6996 12872
 75780000 150007269 377317092 2920011 2882961 5883 12792
 75840000 150007223 377317155 2918963 2881913 6275 12972
 75900000 150007203 377317184 2919402 2882351 7314 13795
 75960000 150007255 377317209 2918367 2881316 6654 14357
 76020000 150007187 377317232 2916550 2879500 6949 15716
 76080000 150007051 377317250 2917045 2879994 7786 15261
 76140000 150007135 377317260 2917915 2880864 8043 17786
 76200000 150007165 377317248 2916086 2879036 7450 14261
 76260000 150007217 377317169 2920676 2883626 7680 16246
 76320000 150007188 377317170 2918290 2881240 7609 14950
 76380000 150007262 377317116 2920651 2883600 9549 20434
 76440000 150007205 377317169 2919748 2882697 10272 16661
 76500000 150007264 377317143 2919700 2882650 11422 21511
 76560000 150007304 377317172 2918812 2881761 10049 16567
 76620000 150007245 377317212 2919058 2882008 9420 19600
 76680000 150007140 377317199 2918180 2881129 8634 15645
 76740000 150007127 377317205 2917048 2879997 8808 17628
 76800000 150007301 377317049 2922946 2885896 8457 16085
 76860000 150007183 377317122 2918641 2881591 8581 15885
 76920000 150007182 377317157 2918496 2881446 9436 17139
 76980000 150007179 377317110 2920740 2883689 9337 17444
 77040000 150007192 377317046 2920125 2883075 8469 16106
 77100000 150007130 377317205 2918968 2881917 9491 16638
 77160000 150007136 377317241 2917763 2880712 10093 16695
 77220000 150008309 377315137 3010633 2973583 7966 13806
 77280000 150012397 377313698 3112354 3075305 10375 20068
 77340000 150016189 377311250 3240764 3203716 10890 22773
 77400000 150007866 377316086 2947597 2910547 25991 48607
 77460000 150007198 377317092 2921350 2884300 17394 30797
 77520000 150007243 377317101 2921443 2884392 15706 27471
 77580000 150007173 377317189 2919588 2882537 15104 25687
 77640000 150007281 377317166 2920840 2883789 14511 24834
 77700000 150007322 377317184 2919693 2882642 14161 23863
 77760000 150007203 377317101 2918833 2881782 12571 22634
 77820000 150007188 377317111 2920619 2883568 11021 17946
 77880000 150007167 377317114 2920272 2883221 10476 19003
 77940000 150007112 377317122 2918423 2881373 10064 16441
 78000000 150007102 377317122 2917938 2880887 11115 16976
 78060000 150007187 377317119 2919541 2882490 10243 16454
 78120000 150007128 377317117 2918235 2881184 10372 16003
 78180000 150007135 377317183 2919140 2882089 8810 13344
 78240000 150007098 377317069 2918624 2881573 9060 13966
 78300000 150007056 377317154 2917900 2880849 7597 11616
 78360000 150007025 377317155 2916392 2879341 8495 12030
 78420000 150006972 377317155 2916049 2878998 8869 12081
 78480000 150007001 377317161 2915183 2878133 8059 11898
 78540000 150007016 377317136 2916685 2879634 6523 8971
 78600000 150007033 377317106 2917341 2880290 6758 9277
 78660000 150007026 377317109 2918645 2881595 6591 9005
 78720000 150007075 377317184 2916696 2879645 6212 7908
 78780000 150007042 377317148 2915249 2878198 6701 7622
 78840000 150006998 377317064 2916129 2879078 7034 7890
 78900000 150007084 377317076 2918566 2881516 6741 7221
 78960000 150007083 377317231 2916283 2879233 6902 8357
 79020000 150006998 377317056 2919080 2882030 7057 8895
 79080000 150007014 377317184 2915905 2878854 6849 8744
 79320000 150007073 377317340 2914668 2877618 4213 7419
 79380000 150007138 377317271 2916740 2879689 4238 7443
 79440000 150007104 377317245 2918274 2881223 4573 8244
 79500000 150008932 377315146 2997844 2960794 5255 9588
 79560000 150011736 377314379 3110829 3073779 6292 13160
 79620000 150015035 377313248 3222883 3185834 7404 15233
 79680000 150007015 377317102 2918498 2881448 7429 13114
 79740000 150006979 377317071 2917981 2880931 7144 12570
 79800000 150007073 377317195 2917378 2880327 6667 12173
 79860000 150007041 377317169 2917314 2880263 6642 12418
 79920000 150007017 377317181 2916421 2879370 5955 11529
 79980000 150007050 377317177 2916573 2879523 5974 11054
 80040000 150007078 377317152 2918790 2881739 5383 9982
 80100000 150007107 377317184 2917534 2880484 5015 9544
 80160000 150007078 377317101 2919933 2882882 5035 9195
 80220000 150007100 377317091 2919690 2882640 4467 8924
 80280000 150007221 377317136 2920327 2883277 4706 9128
 80340000 150007102 377317149 2917911 2880861 4588 9056
 80400000 150007038 377317131 2917165 2880114 4775 8949
 80460000 150007081 377317121 2916622 2879571 4424 8108
 80520000 150007071 377317140 2917463 2880413 4424 8412
 80580000 150007092 377317078 2918639 2881589 4538 8395
 80640000 150007108 377317036 2919939 2882888 4635 8925
 80700000 150007029 377317080 2918579 2881529 4832 8522
 80760000 150007026 377317066 2918426 2881375 4672 8618
 80820000 150007091 377317127 2918984 2881933 4514 8338
 80880000 150007061 377317220 2917062 2880011 4754 8412
 80940000 150007052 377317166 2916772 2879722 4662 9110
 81000000 150007006 377317246 2914400 2877349 4871 9312
 81060000 150007112 377317180 2917387 2880336 4483 9336
 81120000 150007036 377317181 2914797 2877747 4912 10053
 81180000 150007207 377317127 2918290 2881239 4658 9426
 81240000 150007064 377317246 2916025 2878974 4523 8689
 81300000 150007110 377317252 2916605 2879555 4516 8451
 81360000 150007054 377317224 2915892 2878841 4166 8147
 81420000 150007096 377317253 2918678 2881627 4548 8059
 81480000 150007182 377317224 2918390 2881339 4685 9647
 81540000 150007250 377317185 2918774 2881724 4689 8434
 81600000 150007194 377317216 2917491 2880441 4934 9145
 81660000 150007097 377317247 2915832 2878781 4757 9388
 81720000 150007074 377317220 2916184 2879133 4446 8516
 81780000 150007018 377317226 2916553 2879503 4608 8686
 81840000 150006979 377317182 2915039 2877989 5225 11226
 81900000 150007039 377317128 2918313 2881263 4531 9486
 81960000 150007172 377317095 2920211 2883160 4877 10276
 82020000 150007091 377317085 2916080 2879030 5040 11942
 82080000 150007073 377317177 2914403 2877352 4747 9502
 82140000 150007192 377317170 2917284 2880233 4705 9284
 82200000 150007200 377317163 2918104 2881053 4673 9343
 82260000 150007194 377317130 2917674 2880623 4772 9471
 82320000 150007088 377317145 2918548 2881497 4674 9303
 82380000 150007081 377317192 2917510 2880460 4475 8615
 82440000 150007166 377317181 2917714 2880663 4578 9040
 82500000 150007123 377317159 2918505 2881454 4559 8609
 82560000 150007134 377317087 2919359 2882308 4420 8423
 82620000 150007188 377317097 2919229 2882179 4755 8949
 82680000 150007167 377317101 2918748 2881697 4466 8260
 82920000 150007122 377317139 2918824 2881773 4803 8903
 82980000 150007138 377317225 2917498 2880448 4860 9206
 83040000 150007085 377317241 2917013 2879963 5052 9614
 83100000 150007079 377317180 2918059 2881008 4875 8952
 83160000 150007050 377317180 2918466 2881416 5264 8918
 83220000 150007106 377317193 2918102 2881051 4917 9128
 83280000 150007106 377317179 2918056 2881005 5233 9099
 83340000 150007095 377317127 2918618 2881567 5538 9854
 83400000 150007109 377317076 2920405 2883354 5947 10861
 83460000 150007046 377317216 2917792 2880741 5413 10082
 83520000 150007072 377317220 2916900 2879850 5734 10061
 83580000 150007159 377317141 2916972 2879921 5957 10774
 83640000 150007153 377317159 2918335 2881285 5925 10918
 83700000 150007145 377317182 2917942 2880892 6149 10742
 83760000 150006990 377317188 2917465 2880414 5910 10428
 83820000 150006989 377317210 2917956 2880906 5725 9999
 83880000 150007133 377317135 2920285 2883234 6021 10079
 83940000 150007047 377317175 2919370 2882319 6308 9773
 84000000 150006990 377317261 2918277 2881226 6873 9967
 84060000 150007148 377317127 2918561 2881510 7971 10113
 84120000 150006995 377317195 2917860 2880810 8143 10542
 84180000 150007063 377317156 2916758 2879707 7796 10161
 84240000 150007198 377317121 2919823 2882772 9198 13483
 84300000 150006980 377317233 2918235 2881184 9678 13324
 84360000 150007036 377317103 2917085 2880035 9101 11819
 84420000 150007028 377317179 2918310 2881259 9637 11638
 84480000 150006964 377317250 2918349 2881299 8835 11400
 84540000 150007064 377317202 2917852 2880802 6474 10721
 84600000 150007074 377317193 2917795 2880744 5989 9904
 84660000 150007082 377317206 2919161 2882110 6422 11337
 84720000 150007075 377317149 2918799 2881748 6204 10117
 84780000 150007113 377317122 2920027 2882976 6592 10364
 84840000 150007097 377317178 2918520 2881470 7178 11421
 84900000 150007015 377317219 2916664 2879613 7091 10566
 84960000 150007121 377317078 2918411 2881361 7294 11463
 85020000 150007181 377317086 2919225 2882175 6891 10834
 85080000 150007152 377317155 2918699 2881648 7190 11315
 85140000 150007190 377317094 2919638 2882588 7540 10909
 85200000 150007091 377317135 2917404 2880354 7367 10160
 85260000 150007142 377317125 2918414 2881363 7448 10432
 85320000 150007067 377317147 2917824 2880774 7382 9181
 85380000 150007064 377317117 2917961 2880910 7549 9031
 85440000 150007105 377317095 2917130 2880079 8446 9712
 85500000 150006988 377317169 2918336 2881286 8727 9851
 85560000 150007124 377317147 2918467 2881416 9263 9982
 85620000 150007030 377317208 2917090 2880039 8575 9478
 85680000 150007074 377317206 2918192 2881141 8467 9264
 85740000 150007130 377317104 2918202 2881151 8656 9598
 85800000 150007114 377317108 2918247 2881196 9295 9637
 85860000 150007155 377317097 2919156 2882106 11090 10523
 85920000 150007052 377317183 2918994 2881943 13030 11334
 85980000 150006997 377317144 2917080 2880029 12545 10898
 86040000 150006908 377317174 2915335 2878285 11935 10467
 86100000 150006961 377317279 2918858 2881807 12199 9789
 86160000 150007115 377317094 2919326 2882276 10395 8498
 86220000 150007187 377316982 2918582 2881532 10091 8147
 86280000 150007055 377317158 2920016 2882965 13556 10346
