NAV_TIMEUTC 60000 275 -241324 2016 7 24 0 0 43 7
NAV_TIMEUTC 120000 1142 -244750 2016 7 24 0 1 43 7
NAV_TIMEUTC 180000 1591 -226253 2016 7 24 0 2 43 7
NAV_TIMEUTC 240000 1694 -253277 2016 7 24 0 3 43 7
NAV_TIMEUTC 300000 1798 -254467 2016 7 24 0 4 43 7
NAV_TIMEUTC 360000 1629 -258005 2016 7 24 0 5 43 7
NAV_TIMEUTC 420000 1720 -260643 2016 7 24 0 6 43 7
NAV_TIMEUTC 480000 1608 -264936 2016 7 24 0 7 43 7
NAV_TIMEUTC 540000 1687 -267870 2016 7 24 0 8 43 7
NAV_TIMEUTC 600000 1419 -270997 2016 7 24 0 9 43 7
NAV_TIMEUTC 660000 1500 -274494 2016 7 24 0 10 43 7
NAV_TIMEUTC 720000 1428 -278195 2016 7 24 0 11 43 7
NAV_TIMEUTC 780000 1493 -280821 2016 7 24 0 12 43 7
NAV_TIMEUTC 840000 1317 -284048 2016 7 24 0 13 43 7
NAV_TIMEUTC 900000 1387 -286083 2016 7 24 0 14 43 7
NAV_TIMEUTC 960000 1437 -290059 2016 7 24 0 15 43 7
NAV_TIMEUTC 1020000 1493 -292670 2016 7 24 0 16 43 7
NAV_TIMEUTC 1080000 1312 -295055 2016 7 24 0 17 43 7
NAV_TIMEUTC 1140000 1375 -297689 2016 7 24 0 18 43 7
NAV_TIMEUTC 1200000 1432 -301699 2016 7 24 0 19 43 7
NAV_TIMEUTC 1260000 1486 -304614 2016 7 24 0 20 43 7
NAV_TIMEUTC 1320000 1308 -308188 2016 7 24 0 21 43 7
NAV_TIMEUTC 1380000 1369 -310850 2016 7 24 0 22 43 7
NAV_TIMEUTC 1440000 1273 -314488 2016 7 24 0 23 43 7
NAV_TIMEUTC 1500000 1335 -317172 2016 7 24 0 24 43 7
NAV_TIMEUTC 1560000 1441 -321498 2016 7 24 0 25 43 7
NAV_TIMEUTC 1620000 1491 -324192 2016 7 24 0 26 43 7
NAV_TIMEUTC 1680000 1946 -327023 2016 7 24 0 27 43 7
NAV_TIMEUTC 1740000 962 -331968 2016 7 24 0 28 43 7
NAV_TIMEUTC 1800000 1104 -334513 2016 7 24 0 29 43 7
NAV_TIMEUTC 1860000 1406 -337683 2016 7 24 0 30 43 7
NAV_TIMEUTC 1920000 1478 -340273 2016 7 24 0 31 43 7
NAV_TIMEUTC 1980000 2057 -342863 2016 7 24 0 32 43 7
NAV_TIMEUTC 2040000 977 -347880 2016 7 24 0 33 43 7
NAV_TIMEUTC 2100000 1110 -350542 2016 7 24 0 34 43 7
NAV_TIMEUTC 2160000 1407 -353999 2016 7 24 0 35 43 7
NAV_TIMEUTC 2220000 1476 -356566 2016 7 24 0 36 43 7
NAV_TIMEUTC 2280000 2040 -359284 2016 7 24 0 37 43 7
NAV_TIMEUTC 2340000 977 -364304 2016 7 24 0 38 43 7
NAV_TIMEUTC 2400000 1099 -367041 2016 7 24 0 39 43 7
NAV_TIMEUTC 2460000 1903 -369959 2016 7 24 0 40 43 7
NAV_TIMEUTC 2520000 982 -374579 2016 7 24 0 41 43 7
NAV_TIMEUTC 2580000 1146 -377407 2016 7 24 0 42 43 7
NAV_TIMEUTC 2640000 1485 -380805 2016 7 24 0 43 43 7
NAV_TIMEUTC 2700000 1565 -383700 2016 7 24 0 44 43 7
NAV_TIMEUTC 2760000 2181 -386595 2016 7 24 0 45 43 7
NAV_TIMEUTC 2820000 1016 -391816 2016 7 24 0 46 43 7
NAV_TIMEUTC 2880000 1155 -394815 2016 7 24 0 47 43 7
NAV_TIMEUTC 2940000 2023 -397813 2016 7 24 0 48 43 7
NAV_TIMEUTC 3000000 975 -402335 2016 7 24 0 49 43 7
NAV_TIMEUTC 3060000 1119 -405508 2016 7 24 0 50 43 7
NAV_TIMEUTC 3120000 2003 -408680 2016 7 24 0 51 43 7
NAV_TIMEUTC 3180000 971 -412728 2016 7 24 0 52 43 7
NAV_TIMEUTC 3240000 1110 -416358 2016 7 17 0 53 43 7
NAV_TIMEUTC 3300000 1975 -419595 2016 7 17 0 54 43 7
NAV_TIMEUTC 3359998 2761 -2122639 2016 7 17 0 55 43 7
NAV_TIMEUTC 3419998 3375 -2150241 2016 7 17 0 56 43 7
NAV_TIMEUTC 3480000 3894 -177485 2016 7 17 0 57 43 7
NAV_TIMEUTC 3540000 4354 -246876 2016 7 17 0 58 43 7
NAV_TIMEUTC 3600000 4769 -273248 2016 7 17 0 59 43 7
NAV_TIMEUTC 60000 16 -356160 2016 7 24 0 0 43 7
NAV_TIMEUTC 120000 18 -356953 2016 7 24 0 1 43 7
NAV_TIMEUTC 180000 18 -357746 2016 7 24 0 2 43 7
NAV_TIMEUTC 240000 15 -358685 2016 7 24 0 3 43 7
NAV_TIMEUTC 300000 21 -359622 2016 7 24 0 4 43 7
NAV_TIMEUTC 360000 21 -360140 2016 7 24 0 5 43 7
NAV_TIMEUTC 420000 20 -360937 2016 7 24 0 6 43 7
NAV_TIMEUTC 480000 19 -361740 2016 7 24 0 7 43 7
NAV_TIMEUTC 540000 20 -362545 2016 7 24 0 8 43 7
NAV_TIMEUTC 600000 19 -363353 2016 7 24 0 9 43 7
NAV_TIMEUTC 660000 19 -364282 2016 7 24 0 10 43 7
NAV_TIMEUTC 720000 24 -364986 2016 7 24 0 11 43 7
NAV_TIMEUTC 780000 22 -365920 2016 7 24 0 12 43 7
NAV_TIMEUTC 840000 29 -366634 2016 7 24 0 13 43 7
NAV_TIMEUTC 900000 22 -367557 2016 7 24 0 14 43 7
NAV_TIMEUTC 960000 32 -368292 2016 7 24 0 15 43 7
NAV_TIMEUTC 1020000 28 -369242 2016 7 24 0 16 43 7
NAV_TIMEUTC 1080000 44 -369954 2016 7 24 0 17 43 7
NAV_TIMEUTC 1140000 36 -370899 2016 7 24 0 18 43 7
NAV_TIMEUTC 1200000 56 -371634 2016 7 24 0 19 43 7
NAV_TIMEUTC 1260000 42 -372580 2016 7 24 0 20 43 7
NAV_TIMEUTC 1320000 54 -373316 2016 7 24 0 21 43 7
NAV_TIMEUTC 1380000 39 -374257 2016 7 24 0 22 43 7
NAV_TIMEUTC 1440000 49 -375009 2016 7 24 0 23 43 7
NAV_TIMEUTC 1500000 32 -375938 2016 7 24 0 24 43 7
NAV_TIMEUTC 1560000 39 -376712 2016 7 24 0 25 43 7
NAV_TIMEUTC 1620000 42 -377562 2016 7 24 0 26 43 7
NAV_TIMEUTC 1680000 40 -378422 2016 7 24 0 27 43 7
NAV_TIMEUTC 1740000 37 -379416 2016 7 24 0 28 43 7
NAV_TIMEUTC 1800000 51 -380156 2016 7 24 0 29 43 7
NAV_TIMEUTC 1860000 59 -381026 2016 7 24 0 30 43 7
NAV_TIMEUTC 1920000 51 -381900 2016 7 24 0 31 43 7
NAV_TIMEUTC 1980000 40 -382881 2016 7 24 0 32 43 7
NAV_TIMEUTC 2040000 120 -383649 2016 7 24 0 33 43 7
NAV_TIMEUTC 2100000 80 -384524 2016 7 24 0 34 43 7
NAV_TIMEUTC 2160000 59 -385412 2016 7 24 0 35 43 7
NAV_TIMEUTC 2220000 55 -386313 2016 7 24 0 36 43 7
NAV_TIMEUTC 2280000 56 -387208 2016 7 24 0 37 43 7
NAV_TIMEUTC 2340000 44 -388221 2016 7 24 0 38 43 7
NAV_TIMEUTC 2400000 58 -389257 2016 7 24 0 39 43 7
NAV_TIMEUTC 2460000 71 -390371 2016 7 24 0 40 43 7
NAV_TIMEUTC 2520000 261 -390949 2016 7 24 0 41 43 7
NAV_TIMEUTC 2580000 110 -391747 2016 7 24 0 42 43 7
NAV_TIMEUTC 2640000 81 -392667 2016 7 24 0 43 43 7
NAV_TIMEUTC 2700000 78 -393593 2016 7 24 0 44 43 7
NAV_TIMEUTC 2760000 75 -394529 2016 7 24 0 45 43 7
NAV_TIMEUTC 2820000 70 -395459 2016 7 24 0 46 43 7
NAV_TIMEUTC 2880000 69 -396384 2016 7 24 0 47 43 7
NAV_TIMEUTC 2940000 69 -397306 2016 7 24 0 48 43 7
NAV_TIMEUTC 3000000 62 -398226 2016 7 24 0 49 43 7
NAV_TIMEUTC 3060000 55 -399330 2016 7 24 0 50 43 7
NAV_TIMEUTC 3120000 56 -400403 2016 7 24 0 51 43 7
NAV_TIMEUTC 3180000 65 -401437 2016 7 24 0 52 43 7
NAV_TIMEUTC 3240000 109 -401998 2016 7 24 0 53 43 7
NAV_TIMEUTC 3300000 77 -403038 2016 7 24 0 54 43 7
NAV_TIMEUTC 3360000 74 -404101 2016 7 24 0 55 43 7
NAV_TIMEUTC 3420000 76 -405149 2016 7 24 0 56 43 7
NAV_TIMEUTC 3480000 75 -405748 2016 7 24 0 57 43 7
NAV_TIMEUTC 3660000 43 -408776 2016 7 24 1 0 43 7
NAV_TIMEUTC 3720000 67 -409531 2016 7 24 1 1 43 7
NAV_TIMEUTC 3780000 49 -410523 2016 7 24 1 2 43 7
NAV_TIMEUTC 3840000 41 -411541 2016 7 24 1 3 43 7
NAV_TIMEUTC 3900000 39 -412543 2016 7 24 1 4 43 7
NAV_TIMEUTC 3960000 37 -413526 2016 7 24 1 5 43 7
NAV_TIMEUTC 4020000 66 -414289 2016 7 24 1 6 43 7
NAV_TIMEUTC 4080000 44 -415276 2016 7 24 1 7 43 7
NAV_TIMEUTC 4140000 37 -416301 2016 7 24 1 8 43 7
NAV_TIMEUTC 4200000 40 -417322 2016 7 24 1 9 43 7
NAV_TIMEUTC 4260000 36 -418323 2016 7 24 1 10 43 7
NAV_TIMEUTC 4320000 39 -419280 2016 7 24 1 11 43 7
NAV_TIMEUTC 4380000 49 -420295 2016 7 24 1 12 43 7
NAV_TIMEUTC 4440000 40 -421240 2016 7 24 1 13 43 7
NAV_TIMEUTC 4500000 52 -421959 2016 7 24 1 14 43 7
NAV_TIMEUTC 4560000 47 -422965 2016 7 24 1 15 43 7
NAV_TIMEUTC 4620000 35 -423984 2016 7 24 1 16 43 7
NAV_TIMEUTC 4680000 40 -424975 2016 7 24 1 17 43 7
NAV_TIMEUTC 4740000 33 -426022 2016 7 24 1 18 43 7
NAV_TIMEUTC 4800000 40 -427062 2016 7 24 1 19 43 7
NAV_TIMEUTC 4860000 44 -428102 2016 7 24 1 20 43 7
NAV_TIMEUTC 4920000 47 -429132 2016 7 24 1 21 43 7
NAV_TIMEUTC 4980000 54 -430139 2016 7 24 1 22 43 7
NAV_TIMEUTC 5040000 60 -431154 2016 7 24 1 23 43 7
NAV_TIMEUTC 5100000 66 -432190 2016 7 24 1 24 43 7
NAV_TIMEUTC 5160000 58 -433143 2016 7 24 1 25 43 7
NAV_TIMEUTC 5220000 72 -433635 2016 7 24 1 26 43 7
NAV_TIMEUTC 5280000 46 -434640 2016 7 24 1 27 43 7
NAV_TIMEUTC 5340000 37 -435661 2016 7 24 1 28 43 7
NAV_TIMEUTC 5400000 31 -436673 2016 7 24 1 29 43 7
NAV_TIMEUTC 5460000 53 -437567 2016 7 24 1 30 43 7
NAV_TIMEUTC 5520000 37 -438582 2016 7 24 1 31 43 7
NAV_TIMEUTC 5580000 30 -439599 2016 7 24 1 32 43 7
NAV_TIMEUTC 5640000 47 -440529 2016 7 24 1 33 43 7
NAV_TIMEUTC 5700000 47 -441520 2016 7 24 1 34 43 7
NAV_TIMEUTC 5760000 45 -442517 2016 7 24 1 35 43 7
NAV_TIMEUTC 5820000 30 -443537 2016 7 24 1 36 43 7
NAV_TIMEUTC 5880000 25 -444570 2016 7 24 1 37 43 7
NAV_TIMEUTC 5940000 40 -445512 2016 7 24 1 38 43 7
NAV_TIMEUTC 6000000 28 -446540 2016 7 24 1 39 43 7
NAV_TIMEUTC 6060000 22 -447566 2016 7 24 1 40 43 7
NAV_TIMEUTC 6120000 21 -448597 2016 7 24 1 41 43 7
NAV_TIMEUTC 6180000 36 -449514 2016 7 24 1 42 43 7
NAV_TIMEUTC 6240000 24 -450546 2016 7 24 1 43 43 7
NAV_TIMEUTC 6300000 20 -451576 2016 7 24 1 44 43 7
NAV_TIMEUTC 6360000 31 -452522 2016 7 24 1 45 43 7
NAV_TIMEUTC 6420000 31 -453540 2016 7 24 1 46 43 7
NAV_TIMEUTC 6480000 31 -454541 2016 7 24 1 47 43 7
NAV_TIMEUTC 6540000 30 -455534 2016 7 24 1 48 43 7
NAV_TIMEUTC 6600000 27 -456531 2016 7 24 1 49 43 7
NAV_TIMEUTC 6660000 25 -457529 2016 7 24 1 50 43 7
NAV_TIMEUTC 6720000 22 -458526 2016 7 24 1 51 43 7
NAV_TIMEUTC 6780000 19 -459523 2016 7 24 1 52 43 7
NAV_TIMEUTC 6840000 16 -460516 2016 7 24 1 53 43 7
NAV_TIMEUTC 6900000 22 -461518 2016 7 24 1 54 43 7
NAV_TIMEUTC 6960000 21 -462522 2016 7 24 1 55 43 7
NAV_TIMEUTC 7020000 18 -463521 2016 7 24 1 56 43 7
NAV_TIMEUTC 7080000 16 -464532 2016 7 24 1 57 43 7
NAV_TIMEUTC 7260000 15 -467567 2016 7 24 2 0 43 7
NAV_TIMEUTC 7320000 15 -468572 2016 7 24 2 1 43 7
NAV_TIMEUTC 7380000 14 -469576 2016 7 24 2 2 43 7
NAV_TIMEUTC 7440000 27 -470598 2016 7 24 2 3 43 7
NAV_TIMEUTC 7500000 30 -471573 2016 7 24 2 4 43 7
NAV_TIMEUTC 7560000 33 -472594 2016 7 24 2 5 43 7
NAV_TIMEUTC 7620000 34 -473615 2016 7 24 2 6 43 7
NAV_TIMEUTC 7680000 32 -474639 2016 7 24 2 7 43 7
NAV_TIMEUTC 7740000 32 -475671 2016 7 24 2 8 43 7
NAV_TIMEUTC 7800000 31 -476711 2016 7 24 2 9 43 7
NAV_TIMEUTC 7860000 27 -477755 2016 7 24 2 10 43 7
NAV_TIMEUTC 7920000 37 -478818 2016 7 24 2 11 43 7
NAV_TIMEUTC 7980000 42 -479818 2016 7 24 2 12 43 7
NAV_TIMEUTC 8040000 44 -480845 2016 7 24 2 13 43 7
NAV_TIMEUTC 8100000 37 -481904 2016 7 24 2 14 43 7
NAV_TIMEUTC 8160000 35 -482930 2016 7 24 2 15 43 7
NAV_TIMEUTC 8220000 30 -483987 2016 7 24 2 16 43 7
NAV_TIMEUTC 8280000 27 -485031 2016 7 24 2 17 43 7
NAV_TIMEUTC 8340000 25 -486081 2016 7 24 2 18 43 7
NAV_TIMEUTC 8400000 31 -487154 2016 7 24 2 19 43 7
NAV_TIMEUTC 8460000 36 -488177 2016 7 24 2 20 43 7
NAV_TIMEUTC 8520000 36 -489236 2016 7 24 2 21 43 7
NAV_TIMEUTC 8580000 37 -490281 2016 7 24 2 22 43 7
NAV_TIMEUTC 8640000 37 -491339 2016 7 24 2 23 43 7
NAV_TIMEUTC 8700000 37 -492401 2016 7 24 2 24 43 7
NAV_TIMEUTC 8760000 34 -493473 2016 7 24 2 25 43 7
NAV_TIMEUTC 8820000 32 -494528 2016 7 24 2 26 43 7
NAV_TIMEUTC 8880000 31 -495589 2016 7 24 2 27 43 7
NAV_TIMEUTC 8940000 41 -496663 2016 7 24 2 28 43 7
NAV_TIMEUTC 9000000 43 -497724 2016 7 24 2 29 43 7
NAV_TIMEUTC 9060000 34 -498816 2016 7 24 2 30 43 7
NAV_TIMEUTC 9120000 27 -499909 2016 7 24 2 31 43 7
NAV_TIMEUTC 9179999 24 -500997 2016 7 24 2 32 43 7
NAV_TIMEUTC 9239999 22 -502086 2016 7 24 2 33 43 7
NAV_TIMEUTC 9300000 22 496832 2016 7 24 2 34 43 7
NAV_TIMEUTC 9360000 23 495746 2016 7 24 2 35 43 7
NAV_TIMEUTC 9420000 26 494661 2016 7 24 2 36 43 7
NAV_TIMEUTC 9480000 29 493575 2016 7 24 2 37 43 7
NAV_TIMEUTC 9540000 32 492496 2016 7 24 2 38 43 7
NAV_TIMEUTC 9600000 34 491385 2016 7 24 2 39 43 7
NAV_TIMEUTC 9660000 100 490079 2016 7 24 2 40 43 7
NAV_TIMEUTC 9720000 131 489120 2016 7 24 2 41 43 7
NAV_TIMEUTC 9780000 104 488010 2016 7 24 2 42 43 7
NAV_TIMEUTC 9840000 58 486885 2016 7 24 2 43 43 7
NAV_TIMEUTC 9900000 51 485800 2016 7 24 2 44 43 7
NAV_TIMEUTC 9960000 45 484666 2016 7 24 2 45 43 7
NAV_TIMEUTC 10020000 50 483570 2016 7 24 2 46 43 7
NAV_TIMEUTC 10080000 54 482430 2016 7 24 2 47 43 7
NAV_TIMEUTC 10140000 128 481090 2016 7 24 2 48 43 7
NAV_TIMEUTC 10200000 152 479992 2016 7 24 2 49 43 7
NAV_TIMEUTC 10260000 180 478932 2016 7 24 2 50 43 7
NAV_TIMEUTC 10320000 170 477808 2016 7 24 2 51 43 7
NAV_TIMEUTC 10380000 147 476692 2016 7 24 2 52 43 7
NAV_TIMEUTC 10440000 91 475669 2016 7 24 2 53 43 7
NAV_TIMEUTC 10500000 77 474364 2016 7 24 2 54 43 7
NAV_TIMEUTC 10560000 67 473246 2016 7 24 2 55 43 7
NAV_TIMEUTC 10620000 56 472067 2016 7 24 2 56 43 7
NAV_TIMEUTC 10680000 176 470638 2016 7 24 2 57 43 7
NAV_TIMEUTC 10860000 108 467387 2016 7 24 3 0 43 7
NAV_TIMEUTC 10920000 109 466671 2016 7 24 3 1 43 7
NAV_TIMEUTC 10980000 60 465016 2016 7 24 3 2 43 7
NAV_TIMEUTC 11040000 78 463797 2016 7 24 3 3 43 7
NAV_TIMEUTC 11100000 85 462620 2016 7 24 3 4 43 7
NAV_TIMEUTC 11160000 86 461466 2016 7 24 3 5 43 7
NAV_TIMEUTC 11220000 80 460290 2016 7 24 3 6 43 7
NAV_TIMEUTC 11280000 76 459119 2016 7 24 3 7 43 7
NAV_TIMEUTC 11340000 69 457925 2016 7 24 3 8 43 7
NAV_TIMEUTC 11400000 67 456728 2016 7 24 3 9 43 7
NAV_TIMEUTC 11460000 62 455505 2016 7 24 3 10 43 7
NAV_TIMEUTC 11520000 63 454294 2016 7 24 3 11 43 7
NAV_TIMEUTC 11580000 65 453060 2016 7 24 3 12 43 7
NAV_TIMEUTC 11640000 67 451823 2016 7 24 3 13 43 7
NAV_TIMEUTC 11700000 69 450580 2016 7 24 3 14 43 7
NAV_TIMEUTC 11760000 71 449331 2016 7 24 3 15 43 7
NAV_TIMEUTC 11820000 33 448019 2016 7 24 3 16 43 7
NAV_TIMEUTC 11880000 46 446687 2016 7 24 3 17 43 7
NAV_TIMEUTC 11940000 84 445284 2016 7 24 3 18 43 7
NAV_TIMEUTC 12000000 54 444203 2016 7 24 3 19 43 7
NAV_TIMEUTC 12060000 43 442877 2016 7 24 3 20 43 7
NAV_TIMEUTC 12120000 39 441601 2016 7 24 3 21 43 7
NAV_TIMEUTC 12180000 36 440317 2016 7 24 3 22 43 7
NAV_TIMEUTC 12240000 33 439026 2016 7 24 3 23 43 7
NAV_TIMEUTC 12300000 31 437741 2016 7 24 3 24 43 7
NAV_TIMEUTC 12360000 25 436454 2016 7 24 3 25 43 7
NAV_TIMEUTC 12420000 22 435157 2016 7 24 3 26 43 7
NAV_TIMEUTC 12480000 18 433854 2016 7 24 3 27 43 7
NAV_TIMEUTC 12540000 17 432549 2016 7 24 3 28 43 7
NAV_TIMEUTC 12600000 16 431229 2016 7 24 3 29 43 7
NAV_TIMEUTC 12660000 16 429913 2016 7 24 3 30 43 7
NAV_TIMEUTC 12720000 15 428608 2016 7 24 3 31 43 7
NAV_TIMEUTC 12780000 15 427300 2016 7 24 3 32 43 7
NAV_TIMEUTC 12840000 15 425993 2016 7 24 3 33 43 7
NAV_TIMEUTC 12900000 15 424685 2016 7 24 3 34 43 7
NAV_TIMEUTC 12960000 14 423380 2016 7 24 3 35 43 7
NAV_TIMEUTC 13020000 21 422049 2016 7 24 3 36 43 7
NAV_TIMEUTC 13080000 23 420743 2016 7 24 3 37 43 7
NAV_TIMEUTC 13140000 21 419446 2016 7 24 3 38 43 7
NAV_TIMEUTC 13200000 16 418147 2016 7 24 3 39 43 7
NAV_TIMEUTC 13260000 14 416840 2016 7 24 3 40 43 7
NAV_TIMEUTC 13320000 13 415539 2016 7 24 3 41 43 7
NAV_TIMEUTC 13380000 16 414209 2016 7 24 3 42 43 7
NAV_TIMEUTC 13440000 18 412923 2016 7 24 3 43 43 7
NAV_TIMEUTC 13500000 18 411619 2016 7 24 3 44 43 7
NAV_TIMEUTC 13560000 20 410318 2016 7 24 3 45 43 7
NAV_TIMEUTC 13620000 22 409016 2016 7 24 3 46 43 7
NAV_TIMEUTC 13680000 20 407712 2016 7 24 3 47 43 7
NAV_TIMEUTC 13740000 17 406411 2016 7 24 3 48 43 7
NAV_TIMEUTC 13800000 18 405116 2016 7 24 3 49 43 7
NAV_TIMEUTC 13860000 18 403828 2016 7 24 3 50 43 7
NAV_TIMEUTC 13920000 18 402531 2016 7 24 3 51 43 7
NAV_TIMEUTC 13980000 16 401228 2016 7 24 3 52 43 7
NAV_TIMEUTC 14040000 17 399942 2016 7 24 3 53 43 7
NAV_TIMEUTC 14100000 15 398638 2016 7 24 3 54 43 7
NAV_TIMEUTC 14160000 14 397333 2016 7 24 3 55 43 7
NAV_TIMEUTC 14220000 13 396041 2016 7 24 3 56 43 7
NAV_TIMEUTC 14280000 13 394754 2016 7 24 3 57 43 7
NAV_TIMEUTC 14460000 15 390898 2016 7 24 4 0 43 7
NAV_TIMEUTC 14520000 14 389618 2016 7 24 4 1 43 7
NAV_TIMEUTC 14580000 14 388333 2016 7 24 4 2 43 7
NAV_TIMEUTC 14640000 12 387047 2016 7 24 4 3 43 7
NAV_TIMEUTC 14700000 12 385769 2016 7 24 4 4 43 7
NAV_TIMEUTC 14760000 14 384490 2016 7 24 4 5 43 7
NAV_TIMEUTC 14820000 16 383224 2016 7 24 4 6 43 7
NAV_TIMEUTC 14880000 16 381953 2016 7 24 4 7 43 7
NAV_TIMEUTC 14940000 15 380687 2016 7 24 4 8 43 7
NAV_TIMEUTC 15000000 16 379422 2016 7 24 4 9 43 7
NAV_TIMEUTC 15060000 16 378168 2016 7 24 4 10 43 7
NAV_TIMEUTC 15120000 16 376917 2016 7 24 4 11 43 7
NAV_TIMEUTC 15180000 14 375668 2016 7 24 4 12 43 7
NAV_TIMEUTC 15240000 12 374414 2016 7 24 4 13 43 7
NAV_TIMEUTC 15300000 14 373166 2016 7 24 4 14 43 7
NAV_TIMEUTC 15360000 14 371921 2016 7 24 4 15 43 7
NAV_TIMEUTC 15420000 14 370685 2016 7 24 4 16 43 7
NAV_TIMEUTC 15480000 14 369451 2016 7 24 4 17 43 7
NAV_TIMEUTC 15540000 14 368223 2016 7 24 4 18 43 7
NAV_TIMEUTC 15600000 14 366995 2016 7 24 4 19 43 7
NAV_TIMEUTC 15660000 15 365765 2016 7 24 4 20 43 7
NAV_TIMEUTC 15720000 15 364532 2016 7 24 4 21 43 7
NAV_TIMEUTC 15780000 15 363315 2016 7 24 4 22 43 7
NAV_TIMEUTC 15840000 15 362103 2016 7 24 4 23 43 7
NAV_TIMEUTC 15900000 16 360892 2016 7 24 4 24 43 7
NAV_TIMEUTC 15960000 15 359675 2016 7 24 4 25 43 7
NAV_TIMEUTC 16020000 16 358468 2016 7 24 4 26 43 7
NAV_TIMEUTC 16080000 16 357269 2016 7 24 4 27 43 7
NAV_TIMEUTC 16140000 16 356070 2016 7 24 4 28 43 7
NAV_TIMEUTC 16200000 15 354873 2016 7 24 4 29 43 7
NAV_TIMEUTC 16260000 16 353675 2016 7 24 4 30 43 7
NAV_TIMEUTC 16320000 16 352490 2016 7 24 4 31 43 7
NAV_TIMEUTC 16380000 16 351300 2016 7 24 4 32 43 7
NAV_TIMEUTC 16440000 18 350105 2016 7 24 4 33 43 7
NAV_TIMEUTC 16500000 18 348922 2016 7 24 4 34 43 7
NAV_TIMEUTC 16560000 19 347746 2016 7 24 4 35 43 7
NAV_TIMEUTC 16620000 19 346586 2016 7 24 4 36 43 7
NAV_TIMEUTC 16680000 18 345434 2016 7 24 4 37 43 7
NAV_TIMEUTC 16740000 18 344290 2016 7 24 4 38 43 7
NAV_TIMEUTC 16800000 19 343161 2016 7 24 4 39 43 7
NAV_TIMEUTC 16860000 19 342038 2016 7 24 4 40 43 7
NAV_TIMEUTC 16920000 18 340927 2016 7 24 4 41 43 7
NAV_TIMEUTC 16980000 17 339825 2016 7 24 4 42 43 7
NAV_TIMEUTC 17040000 19 338730 2016 7 24 4 43 43 7
NAV_TIMEUTC 17100000 18 337626 2016 7 24 4 44 43 7
NAV_TIMEUTC 17160000 16 336543 2016 7 24 4 45 43 7
NAV_TIMEUTC 17220000 16 335461 2016 7 24 4 46 43 7
NAV_TIMEUTC 17280000 16 334377 2016 7 24 4 47 43 7
NAV_TIMEUTC 17340000 15 333300 2016 7 24 4 48 43 7
NAV_TIMEUTC 17400000 18 332231 2016 7 24 4 49 43 7
NAV_TIMEUTC 17460000 18 331167 2016 7 24 4 50 43 7
NAV_TIMEUTC 17520000 18 330114 2016 7 24 4 51 43 7
NAV_TIMEUTC 17580000 20 329054 2016 7 24 4 52 43 7
NAV_TIMEUTC 17640000 17 328002 2016 7 24 4 53 43 7
NAV_TIMEUTC 17700000 17 326955 2016 7 24 4 54 43 7
NAV_TIMEUTC 17760000 19 325906 2016 7 24 4 55 43 7
NAV_TIMEUTC 17820000 18 324864 2016 7 24 4 56 43 7
NAV_TIMEUTC 17880000 20 323818 2016 7 24 4 57 43 7
NAV_TIMEUTC 18060000 20 320698 2016 7 24 5 0 43 7
NAV_TIMEUTC 18120000 20 319661 2016 7 24 5 1 43 7
NAV_TIMEUTC 18180000 19 318618 2016 7 24 5 2 43 7
NAV_TIMEUTC 18240000 16 317573 2016 7 24 5 3 43 7
NAV_TIMEUTC 18300000 18 316534 2016 7 24 5 4 43 7
NAV_TIMEUTC 18360000 18 315528 2016 7 24 5 5 43 7
NAV_TIMEUTC 18420000 18 314530 2016 7 24 5 6 43 7
NAV_TIMEUTC 18480000 17 313568 2016 7 24 5 7 43 7
NAV_TIMEUTC 18540000 20 312635 2016 7 24 5 8 43 7
NAV_TIMEUTC 18600000 21 311724 2016 7 24 5 9 43 7
NAV_TIMEUTC 18660000 23 310833 2016 7 24 5 10 43 7
NAV_TIMEUTC 18720000 24 309963 2016 7 24 5 11 43 7
NAV_TIMEUTC 18780000 28 309104 2016 7 24 5 12 43 7
NAV_TIMEUTC 18840000 25 308275 2016 7 24 5 13 43 7
NAV_TIMEUTC 18900000 24 307464 2016 7 24 5 14 43 7
NAV_TIMEUTC 18960000 17 306655 2016 7 24 5 15 43 7
NAV_TIMEUTC 19020000 17 305844 2016 7 24 5 16 43 7
NAV_TIMEUTC 19080000 13 305041 2016 7 24 5 17 43 7
NAV_TIMEUTC 19140000 15 304223 2016 7 24 5 18 43 7
NAV_TIMEUTC 19200000 15 303393 2016 7 24 5 19 43 7
NAV_TIMEUTC 19260000 16 302561 2016 7 24 5 20 43 7
NAV_TIMEUTC 19320000 18 301721 2016 7 24 5 21 43 7
NAV_TIMEUTC 19380000 19 300854 2016 7 24 5 22 43 7
NAV_TIMEUTC 19440000 20 299944 2016 7 24 5 23 43 7
NAV_TIMEUTC 19500000 20 299015 2016 7 24 5 24 43 7
NAV_TIMEUTC 19560000 19 298044 2016 7 24 5 25 43 7
NAV_TIMEUTC 19620000 16 297033 2016 7 24 5 26 43 7
NAV_TIMEUTC 19680000 17 295976 2016 7 24 5 27 43 7
NAV_TIMEUTC 19740000 17 294856 2016 7 24 5 28 43 7
NAV_TIMEUTC 19800000 17 293687 2016 7 24 5 29 43 7
NAV_TIMEUTC 19860000 17 292463 2016 7 24 5 30 43 7
NAV_TIMEUTC 19920000 17 291189 2016 7 24 5 31 43 7
NAV_TIMEUTC 19980000 17 289839 2016 7 24 5 32 43 7
NAV_TIMEUTC 20040000 17 288443 2016 7 24 5 33 43 7
NAV_TIMEUTC 20100000 17 286980 2016 7 24 5 34 43 7
NAV_TIMEUTC 20160000 17 285469 2016 7 24 5 35 43 7
NAV_TIMEUTC 20220000 19 283864 2016 7 24 5 36 43 7
NAV_TIMEUTC 20280000 20 282211 2016 7 24 5 37 43 7
NAV_TIMEUTC 20340000 24 280481 2016 7 24 5 38 43 7
NAV_TIMEUTC 20400000 25 278692 2016 7 24 5 39 43 7
NAV_TIMEUTC 20460000 24 276798 2016 7 24 5 40 43 7
NAV_TIMEUTC 20520000 25 274827 2016 7 24 5 41 43 7
NAV_TIMEUTC 20580000 24 272768 2016 7 24 5 42 43 7
NAV_TIMEUTC 20640000 24 270586 2016 7 24 5 43 43 7
NAV_TIMEUTC 20700000 23 268326 2016 7 24 5 44 43 7
NAV_TIMEUTC 20760000 20 265949 2016 7 24 5 45 43 7
NAV_TIMEUTC 20820000 18 263455 2016 7 24 5 46 43 7
NAV_TIMEUTC 20880000 16 260825 2016 7 24 5 47 43 7
NAV_TIMEUTC 20940000 16 258078 2016 7 24 5 48 43 7
NAV_TIMEUTC 21000000 16 255236 2016 7 24 5 49 43 7
NAV_TIMEUTC 21060000 19 252339 2016 7 24 5 50 43 7
NAV_TIMEUTC 21120000 20 249344 2016 7 24 5 51 43 7
NAV_TIMEUTC 21180000 22 246229 2016 7 24 5 52 43 7
NAV_TIMEUTC 21240000 24 242940 2016 7 24 5 53 43 7
NAV_TIMEUTC 21300000 27 239523 2016 7 24 5 54 43 7
NAV_TIMEUTC 21360000 32 235990 2016 7 24 5 55 43 7
NAV_TIMEUTC 21420000 41 232289 2016 7 24 5 56 43 7
NAV_TIMEUTC 21480000 40 228450 2016 7 24 5 57 43 7
NAV_TIMEUTC 21660000 24 216254 2016 7 24 6 0 43 7
NAV_TIMEUTC 21720000 21 212070 2016 7 24 6 1 43 7
NAV_TIMEUTC 21780000 20 207836 2016 7 24 6 2 43 7
NAV_TIMEUTC 21840000 36 203130 2016 7 24 6 3 43 7
NAV_TIMEUTC 21900000 61 198499 2016 7 24 6 4 43 7
NAV_TIMEUTC 21960000 86 194596 2016 7 24 6 5 43 7
NAV_TIMEUTC 22020000 84 190048 2016 7 24 6 6 43 7
NAV_TIMEUTC 22080000 95 185442 2016 7 24 6 7 43 7
NAV_TIMEUTC 22140000 88 180814 2016 7 24 6 8 43 7
NAV_TIMEUTC 22200000 78 176143 2016 7 24 6 9 43 7
NAV_TIMEUTC 22260000 71 171391 2016 7 24 6 10 43 7
NAV_TIMEUTC 22320000 56 166576 2016 7 24 6 11 43 7
NAV_TIMEUTC 22380000 49 161709 2016 7 24 6 12 43 7
NAV_TIMEUTC 22440000 47 156836 2016 7 24 6 13 43 7
NAV_TIMEUTC 22500000 46 151932 2016 7 24 6 14 43 7
NAV_TIMEUTC 22560000 43 146896 2016 7 24 6 15 43 7
NAV_TIMEUTC 22620000 42 141700 2016 7 24 6 16 43 7
NAV_TIMEUTC 22680000 43 136398 2016 7 24 6 17 43 7
NAV_TIMEUTC 22740000 38 131019 2016 7 24 6 18 43 7
NAV_TIMEUTC 22800000 33 125471 2016 7 24 6 19 43 7
NAV_TIMEUTC 22860000 30 119694 2016 7 24 6 20 43 7
NAV_TIMEUTC 22920000 26 113649 2016 7 24 6 21 43 7
NAV_TIMEUTC 22980000 25 107350 2016 7 24 6 22 43 7
NAV_TIMEUTC 23040000 24 100727 2016 7 24 6 23 43 7
NAV_TIMEUTC 23100000 23 93867 2016 7 24 6 24 43 7
NAV_TIMEUTC 23160000 24 86914 2016 7 24 6 25 43 7
NAV_TIMEUTC 23220000 24 79891 2016 7 24 6 26 43 7
NAV_TIMEUTC 23280000 28 72802 2016 7 24 6 27 43 7
NAV_TIMEUTC 23340000 21 65668 2016 7 24 6 28 43 7
NAV_TIMEUTC 23400000 17 58426 2016 7 24 6 29 43 7
NAV_TIMEUTC 23460000 18 51084 2016 7 24 6 30 43 7
NAV_TIMEUTC 23520000 30 43618 2016 7 24 6 31 43 7
NAV_TIMEUTC 23580000 26 36047 2016 7 24 6 32 43 7
NAV_TIMEUTC 23640000 25 28344 2016 7 24 6 33 43 7
NAV_TIMEUTC 23700000 24 20527 2016 7 24 6 34 43 7
NAV_TIMEUTC 23760000 27 12630 2016 7 24 6 35 43 7
NAV_TIMEUTC 23820000 29 4703 2016 7 24 6 36 43 7
NAV_TIMEUTC 23880000 33 -3310 2016 7 24 6 37 43 7
NAV_TIMEUTC 23940000 31 -11243 2016 7 24 6 38 43 7
NAV_TIMEUTC 24000000 22 -19038 2016 7 24 6 39 43 7
NAV_TIMEUTC 24060000 21 -26817 2016 7 24 6 40 43 7
NAV_TIMEUTC 24120000 22 -34507 2016 7 24 6 41 43 7
NAV_TIMEUTC 24180000 24 -42191 2016 7 24 6 42 43 7
NAV_TIMEUTC 24240000 17 -49990 2016 7 24 6 43 43 7
NAV_TIMEUTC 24300000 20 -57986 2016 7 24 6 44 43 7
NAV_TIMEUTC 24360000 20 -66181 2016 7 24 6 45 43 7
NAV_TIMEUTC 24420000 20 -74550 2016 7 24 6 46 43 7
NAV_TIMEUTC 24480000 17 -83042 2016 7 24 6 47 43 7
NAV_TIMEUTC 24540000 21 -91619 2016 7 24 6 48 43 7
NAV_TIMEUTC 24600000 20 -100275 2016 7 24 6 49 43 7
NAV_TIMEUTC 24660000 32 -108911 2016 7 24 6 50 43 7
NAV_TIMEUTC 24720000 26 -117513 2016 7 24 6 51 43 7
NAV_TIMEUTC 24780000 30 -126117 2016 7 24 6 52 43 7
NAV_TIMEUTC 24840000 33 -134719 2016 7 24 6 53 43 7
NAV_TIMEUTC 24900000 16 -143405 2016 7 24 6 54 43 7
NAV_TIMEUTC 24960000 19 -152215 2016 7 24 6 55 43 7
NAV_TIMEUTC 25020000 18 -161207 2016 7 24 6 56 43 7
NAV_TIMEUTC 25080000 18 -170364 2016 7 24 6 57 43 7
NAV_TIMEUTC 25260000 16 -199059 2016 7 24 7 0 43 7
NAV_TIMEUTC 25320000 15 -208942 2016 7 24 7 1 43 7
NAV_TIMEUTC 25380000 16 -218912 2016 7 24 7 2 43 7
NAV_TIMEUTC 25440000 16 -228965 2016 7 24 7 3 43 7
NAV_TIMEUTC 25500000 16 -239149 2016 7 24 7 4 43 7
NAV_TIMEUTC 25560000 16 -249381 2016 7 24 7 5 43 7
NAV_TIMEUTC 25620000 17 -259636 2016 7 24 7 6 43 7
NAV_TIMEUTC 25680000 16 -269966 2016 7 24 7 7 43 7
NAV_TIMEUTC 25740000 18 -280373 2016 7 24 7 8 43 7
NAV_TIMEUTC 25800000 16 -290859 2016 7 24 7 9 43 7
NAV_TIMEUTC 25860000 15 -301446 2016 7 24 7 10 43 7
NAV_TIMEUTC 25920000 15 -312105 2016 7 24 7 11 43 7
NAV_TIMEUTC 25980000 17 -322816 2016 7 24 7 12 43 7
NAV_TIMEUTC 26040000 38 -333514 2016 7 24 7 13 43 7
NAV_TIMEUTC 26100000 16 -344243 2016 7 24 7 14 43 7
NAV_TIMEUTC 26160000 15 -355041 2016 7 24 7 15 43 7
NAV_TIMEUTC 26220000 35 -365807 2016 7 24 7 16 43 7
NAV_TIMEUTC 26280000 14 -376532 2016 7 24 7 17 43 7
NAV_TIMEUTC 26340000 14 -387353 2016 7 24 7 18 43 7
NAV_TIMEUTC 26400000 14 -398240 2016 7 24 7 19 43 7
NAV_TIMEUTC 26460000 12 -409264 2016 7 24 7 20 43 7
NAV_TIMEUTC 26520000 13 -420428 2016 7 24 7 21 43 7
NAV_TIMEUTC 26580000 12 -431817 2016 7 24 7 22 43 7
NAV_TIMEUTC 26640000 11 -443418 2016 7 24 7 23 43 7
NAV_TIMEUTC 26700000 13 -455147 2016 7 24 7 24 43 7
NAV_TIMEUTC 26760000 21 -466897 2016 7 24 7 25 43 7
NAV_TIMEUTC 26820000 20 -478590 2016 7 24 7 26 43 7
NAV_TIMEUTC 26880000 19 -490194 2016 7 24 7 27 43 7
NAV_TIMEUTC 26939999 10 -501824 2016 7 24 7 28 43 7
NAV_TIMEUTC 26999999 10 -513504 2016 7 24 7 29 43 7
NAV_TIMEUTC 27060000 12 474722 2016 7 24 7 30 43 7
NAV_TIMEUTC 27120000 11 462818 2016 7 24 7 31 43 7
NAV_TIMEUTC 27180000 11 450792 2016 7 24 7 32 43 7
NAV_TIMEUTC 27240000 13 438656 2016 7 24 7 33 43 7
NAV_TIMEUTC 27300000 12 426365 2016 7 24 7 34 43 7
NAV_TIMEUTC 27360000 13 413984 2016 7 24 7 35 43 7
NAV_TIMEUTC 27420000 13 401600 2016 7 24 7 36 43 7
NAV_TIMEUTC 27480000 12 389206 2016 7 24 7 37 43 7
NAV_TIMEUTC 27540000 19 376836 2016 7 24 7 38 43 7
NAV_TIMEUTC 27600000 18 364506 2016 7 24 7 39 43 7
NAV_TIMEUTC 27660000 12 352157 2016 7 24 7 40 43 7
NAV_TIMEUTC 27720000 18 339817 2016 7 24 7 41 43 7
NAV_TIMEUTC 27780000 22 327535 2016 7 24 7 42 43 7
NAV_TIMEUTC 27840000 18 315278 2016 7 24 7 43 43 7
NAV_TIMEUTC 27900000 19 303088 2016 7 24 7 44 43 7
NAV_TIMEUTC 27960000 16 290796 2016 7 24 7 45 43 7
NAV_TIMEUTC 28020000 24 278672 2016 7 24 7 46 43 7
NAV_TIMEUTC 28080000 35 266706 2016 7 24 7 47 43 7
NAV_TIMEUTC 28140000 70 255768 2016 7 24 7 48 43 7
NAV_TIMEUTC 28200000 42 244107 2016 7 24 7 49 43 7
NAV_TIMEUTC 28260000 24 232282 2016 7 24 7 50 43 7
NAV_TIMEUTC 28320000 21 220279 2016 7 24 7 51 43 7
NAV_TIMEUTC 28380000 19 208152 2016 7 24 7 52 43 7
NAV_TIMEUTC 28440000 17 195932 2016 7 24 7 53 43 7
NAV_TIMEUTC 28500000 17 183637 2016 7 24 7 54 43 7
NAV_TIMEUTC 28560000 17 171236 2016 7 24 7 55 43 7
NAV_TIMEUTC 28620000 15 158575 2016 7 24 7 56 43 7
NAV_TIMEUTC 28680000 33 145370 2016 7 24 7 57 43 7
NAV_TIMEUTC 28860000 40 107054 2016 7 24 8 0 43 7
NAV_TIMEUTC 28920000 29 95403 2016 7 24 8 1 43 7
NAV_TIMEUTC 28980000 24 84747 2016 7 24 8 2 43 7
NAV_TIMEUTC 29040000 23 75159 2016 7 24 8 3 43 7
NAV_TIMEUTC 29100000 23 66506 2016 7 24 8 4 43 7
NAV_TIMEUTC 29160000 21 58780 2016 7 24 8 5 43 7
NAV_TIMEUTC 29220000 20 51930 2016 7 24 8 6 43 7
NAV_TIMEUTC 29280000 18 45839 2016 7 24 8 7 43 7
NAV_TIMEUTC 29340000 18 40405 2016 7 24 8 8 43 7
NAV_TIMEUTC 29400000 19 35522 2016 7 24 8 9 43 7
NAV_TIMEUTC 29460000 22 31190 2016 7 24 8 10 43 7
NAV_TIMEUTC 29520000 20 27394 2016 7 24 8 11 43 7
NAV_TIMEUTC 29580000 23 23773 2016 7 24 8 12 43 7
NAV_TIMEUTC 29640000 24 20288 2016 7 24 8 13 43 7
NAV_TIMEUTC 29700000 31 16823 2016 7 24 8 14 43 7
NAV_TIMEUTC 29760000 25 12911 2016 7 24 8 15 43 7
NAV_TIMEUTC 29820000 22 8614 2016 7 24 8 16 43 7
NAV_TIMEUTC 29880000 19 3951 2016 7 24 8 17 43 7
NAV_TIMEUTC 29940000 17 -1030 2016 7 24 8 18 43 7
NAV_TIMEUTC 30000000 16 -6599 2016 7 24 8 19 43 7
NAV_TIMEUTC 30060000 14 -12950 2016 7 24 8 20 43 7
NAV_TIMEUTC 30120000 21 -20181 2016 7 24 8 21 43 7
NAV_TIMEUTC 30180000 19 -28188 2016 7 24 8 22 43 7
NAV_TIMEUTC 30240000 15 -36914 2016 7 24 8 23 43 7
NAV_TIMEUTC 30300000 15 -46079 2016 7 24 8 24 43 7
NAV_TIMEUTC 30360000 14 -55235 2016 7 24 8 25 43 7
NAV_TIMEUTC 30420000 19 -63933 2016 7 24 8 26 43 7
NAV_TIMEUTC 30480000 25 -72571 2016 7 24 8 27 43 7
NAV_TIMEUTC 30540000 34 -81285 2016 7 24 8 28 43 7
NAV_TIMEUTC 30600000 40 -89999 2016 7 24 8 29 43 7
NAV_TIMEUTC 30660000 33 -98417 2016 7 24 8 30 43 7
NAV_TIMEUTC 30720000 26 -106175 2016 7 24 8 31 43 7
NAV_TIMEUTC 30780000 43 -113320 2016 7 24 8 32 43 7
NAV_TIMEUTC 30840000 58 -119719 2016 7 24 8 33 43 7
NAV_TIMEUTC 30900000 59 -125273 2016 7 24 8 34 43 7
NAV_TIMEUTC 30960000 47 -130592 2016 7 24 8 35 43 7
NAV_TIMEUTC 31020000 43 -135054 2016 7 24 8 36 43 7
NAV_TIMEUTC 31080000 51 -139232 2016 7 24 8 37 43 7
NAV_TIMEUTC 31140000 45 -142723 2016 7 24 8 38 43 7
NAV_TIMEUTC 31200000 56 -145909 2016 7 24 8 39 43 7
NAV_TIMEUTC 31260000 44 -148419 2016 7 24 8 40 43 7
NAV_TIMEUTC 31320000 50 -150675 2016 7 24 8 41 43 7
NAV_TIMEUTC 31380000 50 -152309 2016 7 24 8 42 43 7
NAV_TIMEUTC 31440000 54 -153789 2016 7 24 8 43 43 7
NAV_TIMEUTC 31500000 62 -155095 2016 7 24 8 44 43 7
NAV_TIMEUTC 31560000 80 -156287 2016 7 24 8 45 43 7
NAV_TIMEUTC 31620000 96 -157602 2016 7 24 8 46 43 7
NAV_TIMEUTC 31680000 90 -159147 2016 7 24 8 47 43 7
NAV_TIMEUTC 31740000 98 -160496 2016 7 24 8 48 43 7
NAV_TIMEUTC 31800000 100 -161901 2016 7 24 8 49 43 7
NAV_TIMEUTC 31860000 100 -163263 2016 7 24 8 50 43 7
NAV_TIMEUTC 31920000 71 -165188 2016 7 24 8 51 43 7
NAV_TIMEUTC 31980000 55 -168075 2016 7 24 8 52 43 7
NAV_TIMEUTC 32040000 46 -171982 2016 7 24 8 53 43 7
NAV_TIMEUTC 32100000 40 -176462 2016 7 24 8 54 43 7
NAV_TIMEUTC 32160000 35 -181109 2016 7 24 8 55 43 7
NAV_TIMEUTC 32220000 37 -185613 2016 7 24 8 56 43 7
NAV_TIMEUTC 32280000 34 -189952 2016 7 24 8 57 43 7
NAV_TIMEUTC 32460000 34 -201946 2016 7 24 9 0 43 7
NAV_TIMEUTC 32520000 35 -206107 2016 7 24 9 1 43 7
NAV_TIMEUTC 32580000 33 -210290 2016 7 24 9 2 43 7
NAV_TIMEUTC 32640000 70 -214491 2016 7 24 9 3 43 7
NAV_TIMEUTC 32700000 83 -218613 2016 7 24 9 4 43 7
NAV_TIMEUTC 32760000 111 -222734 2016 7 24 9 5 43 7
NAV_TIMEUTC 32820000 125 -226885 2016 7 24 9 6 43 7
NAV_TIMEUTC 32880000 77 -230950 2016 7 24 9 7 43 7
NAV_TIMEUTC 32940000 65 -234653 2016 7 24 9 8 43 7
NAV_TIMEUTC 33000000 59 -238020 2016 7 24 9 9 43 7
NAV_TIMEUTC 33060000 60 -241271 2016 7 24 9 10 43 7
NAV_TIMEUTC 33120000 40 -245118 2016 7 24 9 11 43 7
NAV_TIMEUTC 33180000 34 -249972 2016 7 24 9 12 43 7
NAV_TIMEUTC 33240000 30 -255556 2016 7 24 9 13 43 7
NAV_TIMEUTC 33300000 26 -261323 2016 7 24 9 14 43 7
NAV_TIMEUTC 33360000 29 -266884 2016 7 24 9 15 43 7
NAV_TIMEUTC 33420000 50 -272176 2016 7 24 9 16 43 7
NAV_TIMEUTC 33480000 100 -277046 2016 7 24 9 17 43 7
NAV_TIMEUTC 33540000 119 -281873 2016 7 24 9 18 43 7
NAV_TIMEUTC 33600000 46 -287156 2016 7 24 9 19 43 7
NAV_TIMEUTC 33660000 38 -292808 2016 7 24 9 20 43 7
NAV_TIMEUTC 33720000 34 -298872 2016 7 24 9 21 43 7
NAV_TIMEUTC 33780000 31 -305285 2016 7 24 9 22 43 7
NAV_TIMEUTC 33840000 30 -311811 2016 7 24 9 23 43 7
NAV_TIMEUTC 33900000 28 -318461 2016 7 24 9 24 43 7
NAV_TIMEUTC 33960000 28 -325191 2016 7 24 9 25 43 7
NAV_TIMEUTC 34020000 61 -331905 2016 7 24 9 26 43 7
NAV_TIMEUTC 34080000 67 -338722 2016 7 24 9 27 43 7
NAV_TIMEUTC 34140000 44 -345916 2016 7 24 9 28 43 7
NAV_TIMEUTC 34200000 35 -353618 2016 7 24 9 29 43 7
NAV_TIMEUTC 34260000 31 -361660 2016 7 24 9 30 43 7
NAV_TIMEUTC 34320000 28 -369757 2016 7 24 9 31 43 7
NAV_TIMEUTC 34380000 27 -377487 2016 7 24 9 32 43 7
NAV_TIMEUTC 34440000 48 -384547 2016 7 24 9 33 43 7
NAV_TIMEUTC 34500000 57 -390861 2016 7 24 9 34 43 7
NAV_TIMEUTC 34560000 58 -396668 2016 7 24 9 35 43 7
NAV_TIMEUTC 34620000 47 -402743 2016 7 24 9 36 43 7
NAV_TIMEUTC 34680000 44 -409599 2016 7 24 9 37 43 7
NAV_TIMEUTC 34740000 41 -417611 2016 7 24 9 38 43 7
NAV_TIMEUTC 34800000 33 -426756 2016 7 24 9 39 43 7
NAV_TIMEUTC 34860000 30 -436653 2016 7 24 9 40 43 7
NAV_TIMEUTC 34920000 19 -446970 2016 7 24 9 41 43 7
NAV_TIMEUTC 34980000 19 -457497 2016 7 24 9 42 43 7
NAV_TIMEUTC 35040000 20 -467728 2016 7 24 9 43 43 7
NAV_TIMEUTC 35100000 30 -477404 2016 7 24 9 44 43 7
NAV_TIMEUTC 35160000 30 -486503 2016 7 24 9 45 43 7
NAV_TIMEUTC 35220000 21 -495072 2016 7 24 9 46 43 7
NAV_TIMEUTC 35279999 18 -503285 2016 7 24 9 47 43 7
NAV_TIMEUTC 35339999 24 -511432 2016 7 24 9 48 43 7
NAV_TIMEUTC 35400000 19 479847 2016 7 24 9 49 43 7
NAV_TIMEUTC 35460000 31 470520 2016 7 24 9 50 43 7
NAV_TIMEUTC 35520000 27 460033 2016 7 24 9 51 43 7
NAV_TIMEUTC 35580000 24 448904 2016 7 24 9 52 43 7
NAV_TIMEUTC 35640000 22 437638 2016 7 24 9 53 43 7
NAV_TIMEUTC 35700000 28 426324 2016 7 24 9 54 43 7
NAV_TIMEUTC 35760000 23 414852 2016 7 24 9 55 43 7
NAV_TIMEUTC 35820000 32 403472 2016 7 24 9 56 43 7
NAV_TIMEUTC 35880000 20 392233 2016 7 24 9 57 43 7
NAV_TIMEUTC 36060000 20 359336 2016 7 24 10 0 43 7
NAV_TIMEUTC 36120000 17 348701 2016 7 24 10 1 43 7
NAV_TIMEUTC 36180000 14 338502 2016 7 24 10 2 43 7
NAV_TIMEUTC 36240000 24 328894 2016 7 24 10 3 43 7
NAV_TIMEUTC 36300000 29 319938 2016 7 24 10 4 43 7
NAV_TIMEUTC 36360000 17 311735 2016 7 24 10 5 43 7
NAV_TIMEUTC 36420000 14 304215 2016 7 24 10 6 43 7
NAV_TIMEUTC 36480000 12 297377 2016 7 24 10 7 43 7
NAV_TIMEUTC 36540000 15 291195 2016 7 24 10 8 43 7
NAV_TIMEUTC 36600000 12 285517 2016 7 24 10 9 43 7
NAV_TIMEUTC 36660000 14 280317 2016 7 24 10 10 43 7
NAV_TIMEUTC 36720000 11 275549 2016 7 24 10 11 43 7
NAV_TIMEUTC 36780000 12 271120 2016 7 24 10 12 43 7
NAV_TIMEUTC 36840000 11 266985 2016 7 24 10 13 43 7
NAV_TIMEUTC 36900000 15 263029 2016 7 24 10 14 43 7
NAV_TIMEUTC 36960000 12 258616 2016 7 24 10 15 43 7
NAV_TIMEUTC 37020000 11 253728 2016 7 24 10 16 43 7
NAV_TIMEUTC 37080000 16 248528 2016 7 24 10 17 43 7
NAV_TIMEUTC 37140000 16 243299 2016 7 24 10 18 43 7
NAV_TIMEUTC 37200000 21 238213 2016 7 24 10 19 43 7
NAV_TIMEUTC 37260000 14 233135 2016 7 24 10 20 43 7
NAV_TIMEUTC 37320000 21 228073 2016 7 24 10 21 43 7
NAV_TIMEUTC 37380000 16 222163 2016 7 24 10 22 43 7
NAV_TIMEUTC 37440000 14 215067 2016 7 24 10 23 43 7
NAV_TIMEUTC 37500000 12 207065 2016 7 24 10 24 43 7
NAV_TIMEUTC 37560000 11 198709 2016 7 24 10 25 43 7
NAV_TIMEUTC 37620000 16 190368 2016 7 24 10 26 43 7
NAV_TIMEUTC 37680000 31 182382 2016 7 24 10 27 43 7
NAV_TIMEUTC 37740000 18 174703 2016 7 24 10 28 43 7
NAV_TIMEUTC 37800000 24 167725 2016 7 24 10 29 43 7
NAV_TIMEUTC 37860000 21 161220 2016 7 24 10 30 43 7
NAV_TIMEUTC 37920000 18 155432 2016 7 24 10 31 43 7
NAV_TIMEUTC 37980000 16 150112 2016 7 24 10 32 43 7
NAV_TIMEUTC 38040000 20 145226 2016 7 24 10 33 43 7
NAV_TIMEUTC 38100000 26 140497 2016 7 24 10 34 43 7
NAV_TIMEUTC 38160000 28 135941 2016 7 24 10 35 43 7
NAV_TIMEUTC 38220000 16 130959 2016 7 24 10 36 43 7
NAV_TIMEUTC 38280000 14 125661 2016 7 24 10 37 43 7
NAV_TIMEUTC 38340000 13 120258 2016 7 24 10 38 43 7
NAV_TIMEUTC 38400000 16 115083 2016 7 24 10 39 43 7
NAV_TIMEUTC 38460000 16 110194 2016 7 24 10 40 43 7
NAV_TIMEUTC 38520000 16 105586 2016 7 24 10 41 43 7
NAV_TIMEUTC 38580000 23 101321 2016 7 24 10 42 43 7
NAV_TIMEUTC 38640000 49 97428 2016 7 24 10 43 43 7
NAV_TIMEUTC 38700000 22 93882 2016 7 24 10 44 43 7
NAV_TIMEUTC 38760000 34 90855 2016 7 24 10 45 43 7
NAV_TIMEUTC 38820000 35 88180 2016 7 24 10 46 43 7
NAV_TIMEUTC 38880000 43 85848 2016 7 24 10 47 43 7
NAV_TIMEUTC 38940000 24 83968 2016 7 24 10 48 43 7
NAV_TIMEUTC 39000000 27 82535 2016 7 24 10 49 43 7
NAV_TIMEUTC 39060000 20 81462 2016 7 24 10 50 43 7
NAV_TIMEUTC 39120000 23 80835 2016 7 24 10 51 43 7
NAV_TIMEUTC 39180000 25 80479 2016 7 24 10 52 43 7
NAV_TIMEUTC 39240000 34 80380 2016 7 24 10 53 43 7
NAV_TIMEUTC 39300000 29 80541 2016 7 24 10 54 43 7
NAV_TIMEUTC 39360000 34 80813 2016 7 24 10 55 43 7
NAV_TIMEUTC 39420000 34 81273 2016 7 24 10 56 43 7
NAV_TIMEUTC 39480000 38 81702 2016 7 24 10 57 43 7
NAV_TIMEUTC 39660000 58 83074 2016 7 24 11 0 43 7
NAV_TIMEUTC 39720000 65 83475 2016 7 24 11 1 43 7
NAV_TIMEUTC 39780000 49 83985 2016 7 24 11 2 43 7
NAV_TIMEUTC 39840000 39 84488 2016 7 24 11 3 43 7
NAV_TIMEUTC 39900000 54 85064 2016 7 24 11 4 43 7
NAV_TIMEUTC 39960000 55 85928 2016 7 24 11 5 43 7
NAV_TIMEUTC 40020000 50 86825 2016 7 24 11 6 43 7
NAV_TIMEUTC 40080000 47 87890 2016 7 24 11 7 43 7
NAV_TIMEUTC 40140000 45 89126 2016 7 24 11 8 43 7
NAV_TIMEUTC 40200000 32 90409 2016 7 24 11 9 43 7
NAV_TIMEUTC 40260000 34 91898 2016 7 24 11 10 43 7
NAV_TIMEUTC 40320000 60 93294 2016 7 24 11 11 43 7
NAV_TIMEUTC 40380000 61 94877 2016 7 24 11 12 43 7
NAV_TIMEUTC 40440000 59 96392 2016 7 24 11 13 43 7
NAV_TIMEUTC 40500000 60 97860 2016 7 24 11 14 43 7
NAV_TIMEUTC 40560000 64 99378 2016 7 24 11 15 43 7
NAV_TIMEUTC 40620000 69 100899 2016 7 24 11 16 43 7
NAV_TIMEUTC 40680000 71 102443 2016 7 24 11 17 43 7
NAV_TIMEUTC 40740000 71 104012 2016 7 24 11 18 43 7
NAV_TIMEUTC 40800000 69 105635 2016 7 24 11 19 43 7
NAV_TIMEUTC 40860000 68 107354 2016 7 24 11 20 43 7
NAV_TIMEUTC 40920000 66 109165 2016 7 24 11 21 43 7
NAV_TIMEUTC 40980000 64 111031 2016 7 24 11 22 43 7
NAV_TIMEUTC 41040000 61 112907 2016 7 24 11 23 43 7
NAV_TIMEUTC 41100000 40 114691 2016 7 24 11 24 43 7
NAV_TIMEUTC 41160000 63 116520 2016 7 24 11 25 43 7
NAV_TIMEUTC 41220000 32 118217 2016 7 24 11 26 43 7
NAV_TIMEUTC 41280000 29 119767 2016 7 24 11 27 43 7
NAV_TIMEUTC 41340000 56 120915 2016 7 24 11 28 43 7
NAV_TIMEUTC 41400000 37 120557 2016 7 24 11 29 43 7
NAV_TIMEUTC 41460000 29 119019 2016 7 24 11 30 43 7
NAV_TIMEUTC 41520000 25 115912 2016 7 24 11 31 43 7
NAV_TIMEUTC 41580000 28 111170 2016 7 24 11 32 43 7
NAV_TIMEUTC 41640000 26 104915 2016 7 24 11 33 43 7
NAV_TIMEUTC 41700000 23 97292 2016 7 24 11 34 43 7
NAV_TIMEUTC 41760000 19 88482 2016 7 24 11 35 43 7
NAV_TIMEUTC 41820000 17 78682 2016 7 24 11 36 43 7
NAV_TIMEUTC 41880000 17 67987 2016 7 24 11 37 43 7
NAV_TIMEUTC 41940000 15 56425 2016 7 24 11 38 43 7
NAV_TIMEUTC 42000000 13 44220 2016 7 24 11 39 43 7
NAV_TIMEUTC 42060000 15 31433 2016 7 24 11 40 43 7
NAV_TIMEUTC 42120000 14 17922 2016 7 24 11 41 43 7
NAV_TIMEUTC 42180000 13 3650 2016 7 24 11 42 43 7
NAV_TIMEUTC 42240000 12 -11043 2016 7 24 11 43 43 7
NAV_TIMEUTC 42300000 11 -25844 2016 7 24 11 44 43 7
NAV_TIMEUTC 42360000 11 -40915 2016 7 24 11 45 43 7
NAV_TIMEUTC 42420000 11 -56448 2016 7 24 11 46 43 7
NAV_TIMEUTC 42480000 10 -72405 2016 7 24 11 47 43 7
NAV_TIMEUTC 42540000 10 -88719 2016 7 24 11 48 43 7
NAV_TIMEUTC 42600000 15 -105394 2016 7 24 11 49 43 7
NAV_TIMEUTC 42660000 15 -122251 2016 7 24 11 50 43 7
NAV_TIMEUTC 42720000 14 -139214 2016 7 24 11 51 43 7
NAV_TIMEUTC 42780000 12 -156197 2016 7 24 11 52 43 7
NAV_TIMEUTC 42840000 12 -173112 2016 7 24 11 53 43 7
NAV_TIMEUTC 42900000 15 -190076 2016 7 24 11 54 43 7
NAV_TIMEUTC 42960000 30 -207190 2016 7 24 11 55 43 7
NAV_TIMEUTC 43020000 14 -224379 2016 7 24 11 56 43 7
NAV_TIMEUTC 43080000 10 -241651 2016 7 24 11 57 43 7
NAV_TIMEUTC 43260000 8 -293497 2016 7 24 12 0 43 7
NAV_TIMEUTC 43320000 13 -309857 2016 7 24 12 1 43 7
NAV_TIMEUTC 43380000 34 -325876 2016 7 24 12 2 43 7
NAV_TIMEUTC 43440000 20 -341997 2016 7 24 12 3 43 7
NAV_TIMEUTC 43500000 16 -358328 2016 7 24 12 4 43 7
NAV_TIMEUTC 43560000 13 -374759 2016 7 24 12 5 43 7
NAV_TIMEUTC 43620000 12 -391287 2016 7 24 12 6 43 7
NAV_TIMEUTC 43680000 14 -407652 2016 7 24 12 7 43 7
NAV_TIMEUTC 43740000 15 -423559 2016 7 24 12 8 43 7
NAV_TIMEUTC 43800000 14 -438754 2016 7 24 12 9 43 7
NAV_TIMEUTC 43860000 14 -453049 2016 7 24 12 10 43 7
NAV_TIMEUTC 43920000 13 -466367 2016 7 24 12 11 43 7
NAV_TIMEUTC 43980000 12 -478610 2016 7 24 12 12 43 7
NAV_TIMEUTC 44040000 15 -489838 2016 7 24 12 13 43 7
NAV_TIMEUTC 44099999 14 -500103 2016 7 24 12 14 43 7
NAV_TIMEUTC 44159999 13 -509355 2016 7 24 12 15 43 7
NAV_TIMEUTC 44220000 14 482410 2016 7 24 12 16 43 7
NAV_TIMEUTC 44280000 15 475108 2016 7 24 12 17 43 7
NAV_TIMEUTC 44340000 15 468774 2016 7 24 12 18 43 7
NAV_TIMEUTC 44400000 19 463384 2016 7 24 12 19 43 7
NAV_TIMEUTC 44460000 20 458880 2016 7 24 12 20 43 7
NAV_TIMEUTC 44520000 20 455237 2016 7 24 12 21 43 7
NAV_TIMEUTC 44580000 21 452335 2016 7 24 12 22 43 7
NAV_TIMEUTC 44640000 54 449691 2016 7 24 12 23 43 7
NAV_TIMEUTC 44700000 56 447155 2016 7 24 12 24 43 7
NAV_TIMEUTC 44760000 31 444197 2016 7 24 12 25 43 7
NAV_TIMEUTC 44820000 32 440652 2016 7 24 12 26 43 7
NAV_TIMEUTC 44880000 24 436409 2016 7 24 12 27 43 7
NAV_TIMEUTC 44940000 30 431697 2016 7 24 12 28 43 7
NAV_TIMEUTC 45000000 21 426279 2016 7 24 12 29 43 7
NAV_TIMEUTC 45060000 19 419856 2016 7 24 12 30 43 7
NAV_TIMEUTC 45120000 16 412480 2016 7 24 12 31 43 7
NAV_TIMEUTC 45180000 15 404370 2016 7 24 12 32 43 7
NAV_TIMEUTC 45240000 16 396284 2016 7 24 12 33 43 7
NAV_TIMEUTC 45300000 15 388830 2016 7 24 12 34 43 7
NAV_TIMEUTC 45360000 15 382234 2016 7 24 12 35 43 7
NAV_TIMEUTC 45420000 16 376523 2016 7 24 12 36 43 7
NAV_TIMEUTC 45480000 18 371622 2016 7 24 12 37 43 7
NAV_TIMEUTC 45540000 16 367429 2016 7 24 12 38 43 7
NAV_TIMEUTC 45600000 16 363853 2016 7 24 12 39 43 7
NAV_TIMEUTC 45660000 16 360870 2016 7 24 12 40 43 7
NAV_TIMEUTC 45720000 16 358389 2016 7 24 12 41 43 7
NAV_TIMEUTC 45780000 19 356401 2016 7 24 12 42 43 7
NAV_TIMEUTC 45840000 16 354866 2016 7 24 12 43 43 7
NAV_TIMEUTC 45900000 16 353832 2016 7 24 12 44 43 7
NAV_TIMEUTC 45960000 16 353202 2016 7 24 12 45 43 7
NAV_TIMEUTC 46020000 16 352935 2016 7 24 12 46 43 7
NAV_TIMEUTC 46080000 16 352933 2016 7 24 12 47 43 7
NAV_TIMEUTC 46140000 15 353229 2016 7 24 12 48 43 7
NAV_TIMEUTC 46200000 16 353663 2016 7 24 12 49 43 7
NAV_TIMEUTC 46260000 15 354260 2016 7 24 12 50 43 7
NAV_TIMEUTC 46320000 12 354567 2016 7 24 12 51 43 7
NAV_TIMEUTC 46380000 13 354554 2016 7 24 12 52 43 7
NAV_TIMEUTC 46440000 13 354459 2016 7 24 12 53 43 7
NAV_TIMEUTC 46500000 12 354416 2016 7 24 12 54 43 7
NAV_TIMEUTC 46560000 19 354381 2016 7 24 12 55 43 7
NAV_TIMEUTC 46620000 13 354796 2016 7 24 12 56 43 7
NAV_TIMEUTC 46680000 16 355215 2016 7 24 12 57 43 7
NAV_TIMEUTC 46860000 13 357627 2016 7 24 13 0 43 7
NAV_TIMEUTC 46920000 28 358708 2016 7 24 13 1 43 7
NAV_TIMEUTC 46980000 16 360039 2016 7 24 13 2 43 7
NAV_TIMEUTC 47040000 21 361516 2016 7 24 13 3 43 7
NAV_TIMEUTC 47100000 22 362699 2016 7 24 13 4 43 7
NAV_TIMEUTC 47160000 16 363664 2016 7 24 13 5 43 7
NAV_TIMEUTC 47220000 19 364621 2016 7 24 13 6 43 7
NAV_TIMEUTC 47280000 16 365651 2016 7 24 13 7 43 7
NAV_TIMEUTC 47340000 29 366916 2016 7 24 13 8 43 7
NAV_TIMEUTC 47400000 19 368399 2016 7 24 13 9 43 7
NAV_TIMEUTC 47460000 24 370229 2016 7 24 13 10 43 7
NAV_TIMEUTC 47520000 25 372267 2016 7 24 13 11 43 7
NAV_TIMEUTC 47580000 26 374524 2016 7 24 13 12 43 7
NAV_TIMEUTC 47640000 27 376977 2016 7 24 13 13 43 7
NAV_TIMEUTC 47700000 27 379601 2016 7 24 13 14 43 7
NAV_TIMEUTC 47760000 25 382329 2016 7 24 13 15 43 7
NAV_TIMEUTC 47820000 21 385177 2016 7 24 13 16 43 7
NAV_TIMEUTC 47880000 19 388086 2016 7 24 13 17 43 7
NAV_TIMEUTC 47940000 36 391041 2016 7 24 13 18 43 7
NAV_TIMEUTC 48000000 36 394089 2016 7 24 13 19 43 7
NAV_TIMEUTC 48060000 36 397159 2016 7 24 13 20 43 7
NAV_TIMEUTC 48120000 37 400226 2016 7 24 13 21 43 7
NAV_TIMEUTC 48180000 42 403244 2016 7 24 13 22 43 7
NAV_TIMEUTC 48240000 41 406107 2016 7 24 13 23 43 7
NAV_TIMEUTC 48300000 17 408456 2016 7 24 13 24 43 7
NAV_TIMEUTC 48360000 14 410107 2016 7 24 13 25 43 7
NAV_TIMEUTC 48420000 12 411321 2016 7 24 13 26 43 7
NAV_TIMEUTC 48480000 11 412346 2016 7 24 13 27 43 7
NAV_TIMEUTC 48540000 18 413326 2016 7 24 13 28 43 7
NAV_TIMEUTC 48600000 38 414477 2016 7 24 13 29 43 7
NAV_TIMEUTC 48660000 39 415669 2016 7 24 13 30 43 7
NAV_TIMEUTC 48720000 45 416880 2016 7 24 13 31 43 7
NAV_TIMEUTC 48780000 51 417992 2016 7 24 13 32 43 7
NAV_TIMEUTC 48840000 48 419106 2016 7 24 13 33 43 7
NAV_TIMEUTC 48900000 43 420336 2016 7 24 13 34 43 7
NAV_TIMEUTC 48960000 40 421714 2016 7 24 13 35 43 7
NAV_TIMEUTC 49020000 29 423061 2016 7 24 13 36 43 7
NAV_TIMEUTC 49080000 21 423984 2016 7 24 13 37 43 7
NAV_TIMEUTC 49140000 16 424474 2016 7 24 13 38 43 7
NAV_TIMEUTC 49200000 20 424631 2016 7 24 13 39 43 7
NAV_TIMEUTC 49260000 20 424723 2016 7 24 13 40 43 7
NAV_TIMEUTC 49320000 17 424755 2016 7 24 13 41 43 7
NAV_TIMEUTC 49380000 14 424736 2016 7 24 13 42 43 7
NAV_TIMEUTC 49440000 13 424809 2016 7 24 13 43 43 7
NAV_TIMEUTC 49500000 13 424720 2016 7 24 13 44 43 7
NAV_TIMEUTC 49560000 13 424251 2016 7 24 13 45 43 7
NAV_TIMEUTC 49620000 12 423594 2016 7 24 13 46 43 7
NAV_TIMEUTC 49680000 12 422954 2016 7 24 13 47 43 7
NAV_TIMEUTC 49740000 15 422490 2016 7 24 13 48 43 7
NAV_TIMEUTC 49800000 13 422170 2016 7 24 13 49 43 7
NAV_TIMEUTC 49860000 47 422100 2016 7 24 13 50 43 7
NAV_TIMEUTC 49920000 48 422062 2016 7 24 13 51 43 7
NAV_TIMEUTC 49980000 26 421625 2016 7 24 13 52 43 7
NAV_TIMEUTC 50040000 20 421201 2016 7 24 13 53 43 7
NAV_TIMEUTC 50100000 17 420808 2016 7 24 13 54 43 7
NAV_TIMEUTC 50160000 46 420560 2016 7 24 13 55 43 7
NAV_TIMEUTC 50220000 56 420654 2016 7 24 13 56 43 7
NAV_TIMEUTC 50280000 43 421076 2016 7 24 13 57 43 7
NAV_TIMEUTC 50460000 31 424332 2016 7 24 14 0 43 7
NAV_TIMEUTC 50520000 27 426069 2016 7 24 14 1 43 7
NAV_TIMEUTC 50580000 22 428084 2016 7 24 14 2 43 7
NAV_TIMEUTC 50640000 18 430379 2016 7 24 14 3 43 7
NAV_TIMEUTC 50700000 21 432956 2016 7 24 14 4 43 7
NAV_TIMEUTC 50760000 24 435697 2016 7 24 14 5 43 7
NAV_TIMEUTC 50820000 24 438686 2016 7 24 14 6 43 7
NAV_TIMEUTC 50880000 26 441871 2016 7 24 14 7 43 7
NAV_TIMEUTC 50940000 28 445231 2016 7 24 14 8 43 7
NAV_TIMEUTC 51000000 30 448715 2016 7 24 14 9 43 7
NAV_TIMEUTC 51060000 90 452176 2016 7 24 14 10 43 7
NAV_TIMEUTC 51120000 77 455845 2016 7 24 14 11 43 7
NAV_TIMEUTC 51180000 72 459540 2016 7 24 14 12 43 7
NAV_TIMEUTC 51240000 73 463228 2016 7 24 14 13 43 7
NAV_TIMEUTC 51300000 82 466910 2016 7 24 14 14 43 7
NAV_TIMEUTC 51360000 82 470518 2016 7 24 14 15 43 7
NAV_TIMEUTC 51420000 74 474135 2016 7 24 14 16 43 7
NAV_TIMEUTC 51480000 80 477702 2016 7 24 14 17 43 7
NAV_TIMEUTC 51540000 80 481200 2016 7 24 14 18 43 7
NAV_TIMEUTC 51600000 76 484600 2016 7 24 14 19 43 7
NAV_TIMEUTC 51660000 75 487942 2016 7 24 14 20 43 7
NAV_TIMEUTC 51720000 75 491265 2016 7 24 14 21 43 7
NAV_TIMEUTC 51780000 76 494537 2016 7 24 14 22 43 7
NAV_TIMEUTC 51840000 75 497766 2016 7 24 14 23 43 7
NAV_TIMEUTC 51900001 76 500947 2016 7 24 14 24 43 7
NAV_TIMEUTC 51960000 76 -495915 2016 7 24 14 25 43 7
NAV_TIMEUTC 52020000 75 -492840 2016 7 24 14 26 43 7
NAV_TIMEUTC 52080000 75 -489966 2016 7 24 14 27 43 7
NAV_TIMEUTC 52140000 95 -487385 2016 7 24 14 28 43 7
NAV_TIMEUTC 52200000 96 -485136 2016 7 24 14 29 43 7
NAV_TIMEUTC 52260000 105 -483123 2016 7 24 14 30 43 7
NAV_TIMEUTC 52320000 79 -481284 2016 7 24 14 31 43 7
NAV_TIMEUTC 52380000 90 -479616 2016 7 24 14 32 43 7
NAV_TIMEUTC 52440000 69 -478083 2016 7 24 14 33 43 7
NAV_TIMEUTC 52500000 55 -476659 2016 7 24 14 34 43 7
NAV_TIMEUTC 52560000 64 -475347 2016 7 24 14 35 43 7
NAV_TIMEUTC 52620000 41 -474149 2016 7 24 14 36 43 7
NAV_TIMEUTC 52680000 37 -473159 2016 7 24 14 37 43 7
NAV_TIMEUTC 52740000 38 -472401 2016 7 24 14 38 43 7
NAV_TIMEUTC 52800000 31 -471890 2016 7 24 14 39 43 7
NAV_TIMEUTC 52860000 32 -471576 2016 7 24 14 40 43 7
NAV_TIMEUTC 52920000 28 -471387 2016 7 24 14 41 43 7
NAV_TIMEUTC 52980000 33 -471289 2016 7 24 14 42 43 7
NAV_TIMEUTC 53040000 34 -471188 2016 7 24 14 43 43 7
NAV_TIMEUTC 53100000 27 -471346 2016 7 24 14 44 43 7
NAV_TIMEUTC 53160000 23 -471972 2016 7 24 14 45 43 7
NAV_TIMEUTC 53220000 27 -472948 2016 7 24 14 46 43 7
NAV_TIMEUTC 53280000 31 -474047 2016 7 24 14 47 43 7
NAV_TIMEUTC 53340000 33 -475329 2016 7 24 14 48 43 7
NAV_TIMEUTC 53400000 37 -477081 2016 7 24 14 49 43 7
NAV_TIMEUTC 53460000 35 -479528 2016 7 24 14 50 43 7
NAV_TIMEUTC 53520000 33 -482690 2016 7 24 14 51 43 7
NAV_TIMEUTC 53580000 38 -486485 2016 7 24 14 52 43 7
NAV_TIMEUTC 53640000 33 -490839 2016 7 24 14 53 43 7
NAV_TIMEUTC 53700000 26 -495656 2016 7 24 14 54 43 7
NAV_TIMEUTC 53759999 29 -500877 2016 7 24 14 55 43 7
NAV_TIMEUTC 53819999 27 -506489 2016 7 24 14 56 43 7
NAV_TIMEUTC 53880000 20 487505 2016 7 24 14 57 43 7
NAV_TIMEUTC 54060000 12 467953 2016 7 24 15 0 43 7
NAV_TIMEUTC 54120000 11 460969 2016 7 24 15 1 43 7
NAV_TIMEUTC 54180000 11 453872 2016 7 24 15 2 43 7
NAV_TIMEUTC 54240000 11 446670 2016 7 24 15 3 43 7
NAV_TIMEUTC 54300000 11 439374 2016 7 24 15 4 43 7
NAV_TIMEUTC 54360000 11 432016 2016 7 24 15 5 43 7
NAV_TIMEUTC 54420000 11 424722 2016 7 24 15 6 43 7
NAV_TIMEUTC 54480000 49 417454 2016 7 24 15 7 43 7
NAV_TIMEUTC 54540000 88 410434 2016 7 24 15 8 43 7
NAV_TIMEUTC 54600000 76 403476 2016 7 24 15 9 43 7
NAV_TIMEUTC 54660000 23 397235 2016 7 24 15 10 43 7
NAV_TIMEUTC 54720000 72 391213 2016 7 24 15 11 43 7
NAV_TIMEUTC 54780000 34 386863 2016 7 24 15 12 43 7
NAV_TIMEUTC 54840000 43 382585 2016 7 24 15 13 43 7
NAV_TIMEUTC 54900000 70 378967 2016 7 24 15 14 43 7
NAV_TIMEUTC 54960000 47 375971 2016 7 24 15 15 43 7
NAV_TIMEUTC 55020000 36 373115 2016 7 24 15 16 43 7
NAV_TIMEUTC 55080000 39 370449 2016 7 24 15 17 43 7
NAV_TIMEUTC 55140000 34 368139 2016 7 24 15 18 43 7
NAV_TIMEUTC 55200000 24 366365 2016 7 24 15 19 43 7
NAV_TIMEUTC 55260000 21 365063 2016 7 24 15 20 43 7
NAV_TIMEUTC 55320000 25 363826 2016 7 24 15 21 43 7
NAV_TIMEUTC 55380000 28 362599 2016 7 24 15 22 43 7
NAV_TIMEUTC 55440000 38 361435 2016 7 24 15 23 43 7
NAV_TIMEUTC 55500000 33 360288 2016 7 24 15 24 43 7
NAV_TIMEUTC 55560000 22 358749 2016 7 24 15 25 43 7
NAV_TIMEUTC 55620000 17 357061 2016 7 24 15 26 43 7
NAV_TIMEUTC 55680000 15 355422 2016 7 24 15 27 43 7
NAV_TIMEUTC 55740000 28 353915 2016 7 24 15 28 43 7
NAV_TIMEUTC 55800000 55 352260 2016 7 24 15 29 43 7
NAV_TIMEUTC 55860000 24 350443 2016 7 24 15 30 43 7
NAV_TIMEUTC 55920000 20 348273 2016 7 24 15 31 43 7
NAV_TIMEUTC 55980000 18 346120 2016 7 24 15 32 43 7
NAV_TIMEUTC 56040000 21 344222 2016 7 24 15 33 43 7
NAV_TIMEUTC 56100000 16 342814 2016 7 24 15 34 43 7
NAV_TIMEUTC 56160000 15 341661 2016 7 24 15 35 43 7
NAV_TIMEUTC 56220000 16 340906 2016 7 24 15 36 43 7
NAV_TIMEUTC 56280000 18 340401 2016 7 24 15 37 43 7
NAV_TIMEUTC 56340000 40 340253 2016 7 24 15 38 43 7
NAV_TIMEUTC 56400000 12 340310 2016 7 24 15 39 43 7
NAV_TIMEUTC 56460000 10 340664 2016 7 24 15 40 43 7
NAV_TIMEUTC 56520000 11 341253 2016 7 24 15 41 43 7
NAV_TIMEUTC 56580000 13 341954 2016 7 24 15 42 43 7
NAV_TIMEUTC 56640000 15 342697 2016 7 24 15 43 43 7
NAV_TIMEUTC 56700000 18 343430 2016 7 24 15 44 43 7
NAV_TIMEUTC 56760000 21 344107 2016 7 24 15 45 43 7
NAV_TIMEUTC 56820000 23 344812 2016 7 24 15 46 43 7
NAV_TIMEUTC 56880000 24 345654 2016 7 24 15 47 43 7
NAV_TIMEUTC 56940000 25 346633 2016 7 24 15 48 43 7
NAV_TIMEUTC 57000000 25 347786 2016 7 24 15 49 43 7
NAV_TIMEUTC 57060000 25 349031 2016 7 24 15 50 43 7
NAV_TIMEUTC 57120000 25 350250 2016 7 24 15 51 43 7
NAV_TIMEUTC 57180000 25 351492 2016 7 24 15 52 43 7
NAV_TIMEUTC 57240000 19 352816 2016 7 24 15 53 43 7
NAV_TIMEUTC 57300000 43 354129 2016 7 24 15 54 43 7
NAV_TIMEUTC 57360000 47 355743 2016 7 24 15 55 43 7
NAV_TIMEUTC 57420000 53 357451 2016 7 24 15 56 43 7
NAV_TIMEUTC 57480000 31 359207 2016 7 24 15 57 43 7
NAV_TIMEUTC 57660000 30 364756 2016 7 24 16 0 43 7
NAV_TIMEUTC 57720000 26 366632 2016 7 24 16 1 43 7
NAV_TIMEUTC 57780000 19 368698 2016 7 24 16 2 43 7
NAV_TIMEUTC 57840000 20 370811 2016 7 24 16 3 43 7
NAV_TIMEUTC 57900000 38 372982 2016 7 24 16 4 43 7
NAV_TIMEUTC 57960000 42 375253 2016 7 24 16 5 43 7
NAV_TIMEUTC 58020000 48 377537 2016 7 24 16 6 43 7
NAV_TIMEUTC 58080000 53 379927 2016 7 24 16 7 43 7
NAV_TIMEUTC 58140000 42 382486 2016 7 24 16 8 43 7
NAV_TIMEUTC 58200000 41 384998 2016 7 24 16 9 43 7
NAV_TIMEUTC 58260000 43 387604 2016 7 24 16 10 43 7
NAV_TIMEUTC 58320000 34 390328 2016 7 24 16 11 43 7
NAV_TIMEUTC 58380000 34 392986 2016 7 24 16 12 43 7
NAV_TIMEUTC 58440000 24 395738 2016 7 24 16 13 43 7
NAV_TIMEUTC 58500000 83 398345 2016 7 24 16 14 43 7
NAV_TIMEUTC 58560000 30 401094 2016 7 24 16 15 43 7
NAV_TIMEUTC 58620000 30 403777 2016 7 24 16 16 43 7
NAV_TIMEUTC 58680000 29 406476 2016 7 24 16 17 43 7
NAV_TIMEUTC 58740000 26 409221 2016 7 24 16 18 43 7
NAV_TIMEUTC 58800000 25 412015 2016 7 24 16 19 43 7
NAV_TIMEUTC 58860000 26 414802 2016 7 24 16 20 43 7
NAV_TIMEUTC 58920000 26 417631 2016 7 24 16 21 43 7
NAV_TIMEUTC 58980000 24 420484 2016 7 24 16 22 43 7
NAV_TIMEUTC 59040000 25 423341 2016 7 24 16 23 43 7
NAV_TIMEUTC 59100000 27 426202 2016 7 24 16 24 43 7
NAV_TIMEUTC 59160000 26 429117 2016 7 24 16 25 43 7
NAV_TIMEUTC 59220000 24 432061 2016 7 24 16 26 43 7
NAV_TIMEUTC 59280000 28 435039 2016 7 24 16 27 43 7
NAV_TIMEUTC 59340000 28 438015 2016 7 24 16 28 43 7
NAV_TIMEUTC 59400000 30 440990 2016 7 24 16 29 43 7
NAV_TIMEUTC 59460000 31 443955 2016 7 24 16 30 43 7
NAV_TIMEUTC 59520000 20 446933 2016 7 24 16 31 43 7
NAV_TIMEUTC 59580000 21 449928 2016 7 24 16 32 43 7
NAV_TIMEUTC 59640000 19 452925 2016 7 24 16 33 43 7
NAV_TIMEUTC 59700000 18 455908 2016 7 24 16 34 43 7
NAV_TIMEUTC 59760000 18 458905 2016 7 24 16 35 43 7
NAV_TIMEUTC 59820000 18 461895 2016 7 24 16 36 43 7
NAV_TIMEUTC 59880000 16 464830 2016 7 24 16 37 43 7
NAV_TIMEUTC 59940000 15 467764 2016 7 24 16 38 43 7
NAV_TIMEUTC 60000000 15 470684 2016 7 24 16 39 43 7
NAV_TIMEUTC 60060000 19 473584 2016 7 24 16 40 43 7
NAV_TIMEUTC 60120000 18 476465 2016 7 24 16 41 43 7
NAV_TIMEUTC 60180000 19 479326 2016 7 24 16 42 43 7
NAV_TIMEUTC 60240000 19 482143 2016 7 24 16 43 43 7
NAV_TIMEUTC 60300000 19 484922 2016 7 24 16 44 43 7
NAV_TIMEUTC 60360000 18 487679 2016 7 24 16 45 43 7
NAV_TIMEUTC 60420000 18 490405 2016 7 24 16 46 43 7
NAV_TIMEUTC 60480000 16 493095 2016 7 24 16 47 43 7
NAV_TIMEUTC 60540000 16 495758 2016 7 24 16 48 43 7
NAV_TIMEUTC 60600000 13 498378 2016 7 24 16 49 43 7
NAV_TIMEUTC 60660001 14 500955 2016 7 24 16 50 43 7
NAV_TIMEUTC 60720000 16 -496499 2016 7 24 16 51 43 7
NAV_TIMEUTC 60780000 13 -494005 2016 7 24 16 52 43 7
NAV_TIMEUTC 60840000 14 -491540 2016 7 24 16 53 43 7
NAV_TIMEUTC 60900000 14 -489113 2016 7 24 16 54 43 7
NAV_TIMEUTC 60960000 14 -486728 2016 7 24 16 55 43 7
NAV_TIMEUTC 61020000 13 -484387 2016 7 24 16 56 43 7
NAV_TIMEUTC 61080000 15 -482073 2016 7 24 16 57 43 7
NAV_TIMEUTC 61260000 14 -475378 2016 7 24 17 0 43 7
NAV_TIMEUTC 61320000 14 -473222 2016 7 24 17 1 43 7
NAV_TIMEUTC 61380000 15 -471101 2016 7 24 17 2 43 7
NAV_TIMEUTC 61440000 15 -469015 2016 7 24 17 3 43 7
NAV_TIMEUTC 61500000 15 -466970 2016 7 24 17 4 43 7
NAV_TIMEUTC 61560000 15 -464943 2016 7 24 17 5 43 7
NAV_TIMEUTC 61620000 16 -462951 2016 7 24 17 6 43 7
NAV_TIMEUTC 61680000 15 -460999 2016 7 24 17 7 43 7
NAV_TIMEUTC 61740000 15 -459070 2016 7 24 17 8 43 7
NAV_TIMEUTC 61800000 16 -457179 2016 7 24 17 9 43 7
NAV_TIMEUTC 61860000 16 -455336 2016 7 24 17 10 43 7
NAV_TIMEUTC 61920000 17 -453517 2016 7 24 17 11 43 7
NAV_TIMEUTC 61980000 17 -451727 2016 7 24 17 12 43 7
NAV_TIMEUTC 62040000 17 -449952 2016 7 24 17 13 43 7
NAV_TIMEUTC 62100000 18 -448220 2016 7 24 17 14 43 7
NAV_TIMEUTC 62160000 17 -446510 2016 7 24 17 15 43 7
NAV_TIMEUTC 62220000 17 -444840 2016 7 24 17 16 43 7
NAV_TIMEUTC 62280000 18 -443211 2016 7 24 17 17 43 7
NAV_TIMEUTC 62340000 19 -441582 2016 7 24 17 18 43 7
NAV_TIMEUTC 62400000 18 -439970 2016 7 24 17 19 43 7
NAV_TIMEUTC 62460000 21 -438374 2016 7 24 17 20 43 7
NAV_TIMEUTC 62520000 19 -436781 2016 7 24 17 21 43 7
NAV_TIMEUTC 62580000 18 -435193 2016 7 24 17 22 43 7
NAV_TIMEUTC 62640000 20 -433620 2016 7 24 17 23 43 7
NAV_TIMEUTC 62700000 21 -432060 2016 7 24 17 24 43 7
NAV_TIMEUTC 62760000 21 -430523 2016 7 24 17 25 43 7
NAV_TIMEUTC 62820000 21 -428999 2016 7 24 17 26 43 7
NAV_TIMEUTC 62880000 20 -427471 2016 7 24 17 27 43 7
NAV_TIMEUTC 62940000 21 -425961 2016 7 24 17 28 43 7
NAV_TIMEUTC 63000000 21 -424450 2016 7 24 17 29 43 7
NAV_TIMEUTC 63060000 20 -422946 2016 7 24 17 30 43 7
NAV_TIMEUTC 63120000 20 -421445 2016 7 24 17 31 43 7
NAV_TIMEUTC 63180000 18 -419950 2016 7 24 17 32 43 7
NAV_TIMEUTC 63240000 20 -418470 2016 7 24 17 33 43 7
NAV_TIMEUTC 63300000 20 -417006 2016 7 24 17 34 43 7
NAV_TIMEUTC 63360000 22 -415533 2016 7 24 17 35 43 7
NAV_TIMEUTC 63420000 24 -414076 2016 7 24 17 36 43 7
NAV_TIMEUTC 63480000 23 -412619 2016 7 24 17 37 43 7
NAV_TIMEUTC 63540000 20 -411156 2016 7 24 17 38 43 7
NAV_TIMEUTC 63600000 20 -409725 2016 7 24 17 39 43 7
NAV_TIMEUTC 63660000 19 -408303 2016 7 24 17 40 43 7
NAV_TIMEUTC 63720000 22 -406905 2016 7 24 17 41 43 7
NAV_TIMEUTC 63780000 21 -405507 2016 7 24 17 42 43 7
NAV_TIMEUTC 63840000 20 -404132 2016 7 24 17 43 43 7
NAV_TIMEUTC 63900000 23 -402755 2016 7 24 17 44 43 7
NAV_TIMEUTC 63960000 21 -401396 2016 7 24 17 45 43 7
NAV_TIMEUTC 64020000 21 -400056 2016 7 24 17 46 43 7
NAV_TIMEUTC 64080000 21 -398726 2016 7 24 17 47 43 7
NAV_TIMEUTC 64140000 23 -397410 2016 7 24 17 48 43 7
NAV_TIMEUTC 64200000 23 -396128 2016 7 24 17 49 43 7
NAV_TIMEUTC 64260000 24 -394863 2016 7 24 17 50 43 7
NAV_TIMEUTC 64320000 22 -393622 2016 7 24 17 51 43 7
NAV_TIMEUTC 64380000 23 -392421 2016 7 24 17 52 43 7
NAV_TIMEUTC 64440000 22 -391249 2016 7 24 17 53 43 7
NAV_TIMEUTC 64500000 21 -390111 2016 7 24 17 54 43 7
NAV_TIMEUTC 64560000 22 -389017 2016 7 24 17 55 43 7
NAV_TIMEUTC 64620000 20 -387951 2016 7 24 17 56 43 7
NAV_TIMEUTC 64680000 17 -386932 2016 7 24 17 57 43 7
NAV_TIMEUTC 64860000 15 -384089 2016 7 24 18 0 43 7
NAV_TIMEUTC 64920000 17 -383220 2016 7 24 18 1 43 7
NAV_TIMEUTC 64980000 16 -382383 2016 7 24 18 2 43 7
NAV_TIMEUTC 65040000 29 -382073 2016 7 24 18 3 43 7
NAV_TIMEUTC 65100000 40 -380827 2016 7 24 18 4 43 7
NAV_TIMEUTC 65160000 22 -380098 2016 7 24 18 5 43 7
NAV_TIMEUTC 65220000 23 -379399 2016 7 24 18 6 43 7
NAV_TIMEUTC 65280000 20 -378745 2016 7 24 18 7 43 7
NAV_TIMEUTC 65340000 20 -378127 2016 7 24 18 8 43 7
NAV_TIMEUTC 65400000 18 -377541 2016 7 24 18 9 43 7
NAV_TIMEUTC 65460000 17 -376988 2016 7 24 18 10 43 7
NAV_TIMEUTC 65520000 17 -376469 2016 7 24 18 11 43 7
NAV_TIMEUTC 65580000 16 -375990 2016 7 24 18 12 43 7
NAV_TIMEUTC 65640000 16 -375540 2016 7 24 18 13 43 7
NAV_TIMEUTC 65700000 17 -375131 2016 7 24 18 14 43 7
NAV_TIMEUTC 65760000 16 -374766 2016 7 24 18 15 43 7
NAV_TIMEUTC 65820000 17 -374420 2016 7 24 18 16 43 7
NAV_TIMEUTC 65880000 16 -374116 2016 7 24 18 17 43 7
NAV_TIMEUTC 65940000 16 -373856 2016 7 24 18 18 43 7
NAV_TIMEUTC 66000000 16 -373624 2016 7 24 18 19 43 7
NAV_TIMEUTC 66060000 15 -373435 2016 7 24 18 20 43 7
NAV_TIMEUTC 66120000 15 -373271 2016 7 24 18 21 43 7
NAV_TIMEUTC 66180000 14 -373148 2016 7 24 18 22 43 7
NAV_TIMEUTC 66240000 14 -373057 2016 7 24 18 23 43 7
NAV_TIMEUTC 66300000 14 -372990 2016 7 24 18 24 43 7
NAV_TIMEUTC 66360000 14 -372957 2016 7 24 18 25 43 7
NAV_TIMEUTC 66420000 15 -372967 2016 7 24 18 26 43 7
NAV_TIMEUTC 66480000 14 -373003 2016 7 24 18 27 43 7
NAV_TIMEUTC 66540000 14 -373061 2016 7 24 18 28 43 7
NAV_TIMEUTC 66600000 15 -373147 2016 7 24 18 29 43 7
NAV_TIMEUTC 66660000 14 -373266 2016 7 24 18 30 43 7
NAV_TIMEUTC 66720000 15 -373413 2016 7 24 18 31 43 7
NAV_TIMEUTC 66780000 15 -373584 2016 7 24 18 32 43 7
NAV_TIMEUTC 66840000 15 -373775 2016 7 24 18 33 43 7
NAV_TIMEUTC 66900000 14 -374001 2016 7 24 18 34 43 7
NAV_TIMEUTC 66960000 15 -374248 2016 7 24 18 35 43 7
NAV_TIMEUTC 67020000 16 -374524 2016 7 24 18 36 43 7
NAV_TIMEUTC 67080000 15 -374812 2016 7 24 18 37 43 7
NAV_TIMEUTC 67140000 15 -375125 2016 7 24 18 38 43 7
NAV_TIMEUTC 67200000 17 -375466 2016 7 24 18 39 43 7
NAV_TIMEUTC 67260000 17 -375829 2016 7 24 18 40 43 7
NAV_TIMEUTC 67320000 16 -376203 2016 7 24 18 41 43 7
NAV_TIMEUTC 67380000 18 -376607 2016 7 24 18 42 43 7
NAV_TIMEUTC 67440000 16 -377027 2016 7 24 18 43 43 7
NAV_TIMEUTC 67500000 19 -377491 2016 7 24 18 44 43 7
NAV_TIMEUTC 67560000 19 -377955 2016 7 24 18 45 43 7
NAV_TIMEUTC 67620000 20 -378445 2016 7 24 18 46 43 7
NAV_TIMEUTC 67680000 21 -378966 2016 7 24 18 47 43 7
NAV_TIMEUTC 67740000 20 -379511 2016 7 24 18 48 43 7
NAV_TIMEUTC 67800000 20 -380079 2016 7 24 18 49 43 7
NAV_TIMEUTC 67860000 18 -380663 2016 7 24 18 50 43 7
NAV_TIMEUTC 67920000 21 -381273 2016 7 24 18 51 43 7
NAV_TIMEUTC 67980000 20 -381895 2016 7 24 18 52 43 7
NAV_TIMEUTC 68040000 21 -382533 2016 7 24 18 53 43 7
NAV_TIMEUTC 68100000 21 -383215 2016 7 24 18 54 43 7
NAV_TIMEUTC 68160000 21 -383898 2016 7 24 18 55 43 7
NAV_TIMEUTC 68220000 20 -384603 2016 7 24 18 56 43 7
NAV_TIMEUTC 68280000 24 -385322 2016 7 24 18 57 43 7
NAV_TIMEUTC 68460000 19 -387589 2016 7 24 19 0 43 7
NAV_TIMEUTC 68520000 17 -388375 2016 7 24 19 1 43 7
NAV_TIMEUTC 68580000 17 -389171 2016 7 24 19 2 43 7
NAV_TIMEUTC 68640000 19 -389981 2016 7 24 19 3 43 7
NAV_TIMEUTC 68700000 22 -390809 2016 7 24 19 4 43 7
NAV_TIMEUTC 68760000 18 -391642 2016 7 24 19 5 43 7
NAV_TIMEUTC 68820000 18 -392481 2016 7 24 19 6 43 7
NAV_TIMEUTC 68880000 19 -393342 2016 7 24 19 7 43 7
NAV_TIMEUTC 68940000 20 -394210 2016 7 24 19 8 43 7
NAV_TIMEUTC 69000000 19 -395087 2016 7 24 19 9 43 7
NAV_TIMEUTC 69060000 18 -395990 2016 7 24 19 10 43 7
NAV_TIMEUTC 69120000 17 -396897 2016 7 24 19 11 43 7
NAV_TIMEUTC 69180000 23 -397808 2016 7 24 19 12 43 7
NAV_TIMEUTC 69240000 18 -398724 2016 7 24 19 13 43 7
NAV_TIMEUTC 69300000 19 -399655 2016 7 24 19 14 43 7
NAV_TIMEUTC 69360000 22 -400590 2016 7 24 19 15 43 7
NAV_TIMEUTC 69420000 22 -401535 2016 7 24 19 16 43 7
NAV_TIMEUTC 69480000 21 -402483 2016 7 24 19 17 43 7
NAV_TIMEUTC 69540000 22 -403448 2016 7 24 19 18 43 7
NAV_TIMEUTC 69600000 22 -404429 2016 7 24 19 19 43 7
NAV_TIMEUTC 69660000 25 -405414 2016 7 24 19 20 43 7
NAV_TIMEUTC 69720000 25 -406397 2016 7 24 19 21 43 7
NAV_TIMEUTC 69780000 30 -407389 2016 7 24 19 22 43 7
NAV_TIMEUTC 69840000 30 -408389 2016 7 24 19 23 43 7
NAV_TIMEUTC 69900000 48 -409392 2016 7 24 19 24 43 7
NAV_TIMEUTC 69960000 48 -410420 2016 7 24 19 25 43 7
NAV_TIMEUTC 70020000 54 -411457 2016 7 24 19 26 43 7
NAV_TIMEUTC 70080000 31 -412482 2016 7 24 19 27 43 7
NAV_TIMEUTC 70140000 29 -413512 2016 7 24 19 28 43 7
NAV_TIMEUTC 70200000 31 -414553 2016 7 24 19 29 43 7
NAV_TIMEUTC 70260000 32 -415596 2016 7 24 19 30 43 7
NAV_TIMEUTC 70320000 32 -416647 2016 7 24 19 31 43 7
NAV_TIMEUTC 70380000 31 -417711 2016 7 24 19 32 43 7
NAV_TIMEUTC 70440000 30 -418787 2016 7 24 19 33 43 7
NAV_TIMEUTC 70500000 24 -419858 2016 7 24 19 34 43 7
NAV_TIMEUTC 70560000 24 -420937 2016 7 24 19 35 43 7
NAV_TIMEUTC 70620000 25 -422013 2016 7 24 19 36 43 7
NAV_TIMEUTC 70680000 26 -423106 2016 7 24 19 37 43 7
NAV_TIMEUTC 70740000 22 -424196 2016 7 24 19 38 43 7
NAV_TIMEUTC 70800000 27 -425284 2016 7 24 19 39 43 7
NAV_TIMEUTC 70860000 22 -426384 2016 7 24 19 40 43 7
NAV_TIMEUTC 70920000 23 -427491 2016 7 24 19 41 43 7
NAV_TIMEUTC 70980000 20 -428611 2016 7 24 19 42 43 7
NAV_TIMEUTC 71040000 22 -429725 2016 7 24 19 43 43 7
NAV_TIMEUTC 71100000 18 -430852 2016 7 24 19 44 43 7
NAV_TIMEUTC 71160000 18 -431978 2016 7 24 19 45 43 7
NAV_TIMEUTC 71220000 19 -433128 2016 7 24 19 46 43 7
NAV_TIMEUTC 71280000 17 -434273 2016 7 24 19 47 43 7
NAV_TIMEUTC 71340000 17 -435430 2016 7 24 19 48 43 7
NAV_TIMEUTC 71400000 17 -436571 2016 7 24 19 49 43 7
NAV_TIMEUTC 71460000 17 -437725 2016 7 24 19 50 43 7
NAV_TIMEUTC 71520000 13 -438878 2016 7 24 19 51 43 7
NAV_TIMEUTC 71580000 13 -440044 2016 7 24 19 52 43 7
NAV_TIMEUTC 71640000 13 -441208 2016 7 24 19 53 43 7
NAV_TIMEUTC 71700000 14 -442380 2016 7 24 19 54 43 7
NAV_TIMEUTC 71760000 13 -443551 2016 7 24 19 55 43 7
NAV_TIMEUTC 71820000 12 -444724 2016 7 24 19 56 43 7
NAV_TIMEUTC 71880000 14 -445910 2016 7 24 19 57 43 7
NAV_TIMEUTC 72060000 13 -449489 2016 7 24 20 0 43 7
NAV_TIMEUTC 72120000 13 -450696 2016 7 24 20 1 43 7
NAV_TIMEUTC 72180000 13 -451900 2016 7 24 20 2 43 7
NAV_TIMEUTC 72240000 13 -453098 2016 7 24 20 3 43 7
NAV_TIMEUTC 72300000 14 -454309 2016 7 24 20 4 43 7
NAV_TIMEUTC 72360000 13 -455531 2016 7 24 20 5 43 7
NAV_TIMEUTC 72420000 15 -456752 2016 7 24 20 6 43 7
NAV_TIMEUTC 72480000 19 -457980 2016 7 24 20 7 43 7
NAV_TIMEUTC 72540000 18 -459205 2016 7 24 20 8 43 7
NAV_TIMEUTC 72600000 18 -460444 2016 7 24 20 9 43 7
NAV_TIMEUTC 72660000 19 -461684 2016 7 24 20 10 43 7
NAV_TIMEUTC 72720000 18 -462925 2016 7 24 20 11 43 7
NAV_TIMEUTC 72780000 19 -464163 2016 7 24 20 12 43 7
NAV_TIMEUTC 72840000 18 -465417 2016 7 24 20 13 43 7
NAV_TIMEUTC 72900000 20 -466676 2016 7 24 20 14 43 7
NAV_TIMEUTC 72960000 20 -467940 2016 7 24 20 15 43 7
NAV_TIMEUTC 73020000 19 -469222 2016 7 24 20 16 43 7
NAV_TIMEUTC 73080000 23 -470489 2016 7 24 20 17 43 7
NAV_TIMEUTC 73140000 23 -471763 2016 7 24 20 18 43 7
NAV_TIMEUTC 73200000 22 -473027 2016 7 24 20 19 43 7
NAV_TIMEUTC 73260000 24 -474316 2016 7 24 20 20 43 7
NAV_TIMEUTC 73320000 22 -475587 2016 7 24 20 21 43 7
NAV_TIMEUTC 73380000 20 -476885 2016 7 24 20 22 43 7
NAV_TIMEUTC 73440000 19 -478175 2016 7 24 20 23 43 7
NAV_TIMEUTC 73500000 19 -479466 2016 7 24 20 24 43 7
NAV_TIMEUTC 73560000 16 -480756 2016 7 24 20 25 43 7
NAV_TIMEUTC 73620000 16 -482049 2016 7 24 20 26 43 7
NAV_TIMEUTC 73680000 16 -483344 2016 7 24 20 27 43 7
NAV_TIMEUTC 73740000 16 -484629 2016 7 24 20 28 43 7
NAV_TIMEUTC 73800000 19 -485924 2016 7 24 20 29 43 7
NAV_TIMEUTC 73860000 20 -487214 2016 7 24 20 30 43 7
NAV_TIMEUTC 73920000 21 -488505 2016 7 24 20 31 43 7
NAV_TIMEUTC 73980000 22 -489793 2016 7 24 20 32 43 7
NAV_TIMEUTC 74040000 26 -491085 2016 7 24 20 33 43 7
NAV_TIMEUTC 74100000 24 -492381 2016 7 24 20 34 43 7
NAV_TIMEUTC 74160000 24 -493689 2016 7 24 20 35 43 7
NAV_TIMEUTC 74220000 24 -494988 2016 7 24 20 36 43 7
NAV_TIMEUTC 74280000 23 -496292 2016 7 24 20 37 43 7
NAV_TIMEUTC 74340000 22 -497604 2016 7 24 20 38 43 7
NAV_TIMEUTC 74400000 20 -498905 2016 7 24 20 39 43 7
NAV_TIMEUTC 74459999 17 -500206 2016 7 24 20 40 43 7
NAV_TIMEUTC 74519999 17 -501522 2016 7 24 20 41 43 7
NAV_TIMEUTC 74580000 17 497162 2016 7 24 20 42 43 7
NAV_TIMEUTC 74640000 17 495838 2016 7 24 20 43 43 7
NAV_TIMEUTC 74700000 16 494514 2016 7 24 20 44 43 7
NAV_TIMEUTC 74760000 18 493190 2016 7 24 20 45 43 7
NAV_TIMEUTC 74820000 19 491865 2016 7 24 20 46 43 7
NAV_TIMEUTC 74880000 21 490539 2016 7 24 20 47 43 7
NAV_TIMEUTC 74940000 23 489194 2016 7 24 20 48 43 7
NAV_TIMEUTC 75000000 23 487859 2016 7 24 20 49 43 7
NAV_TIMEUTC 75060000 22 486521 2016 7 24 20 50 43 7
NAV_TIMEUTC 75120000 26 485187 2016 7 24 20 51 43 7
NAV_TIMEUTC 75180000 29 483856 2016 7 24 20 52 43 7
NAV_TIMEUTC 75240000 29 482516 2016 7 24 20 53 43 7
NAV_TIMEUTC 75300000 28 481168 2016 7 24 20 54 43 7
NAV_TIMEUTC 75360000 27 479815 2016 7 24 20 55 43 7
NAV_TIMEUTC 75420000 31 478458 2016 7 24 20 56 43 7
NAV_TIMEUTC 75480000 31 477110 2016 7 24 20 57 43 7
NAV_TIMEUTC 75660000 29 473069 2016 7 24 21 0 43 7
NAV_TIMEUTC 75720000 30 471694 2016 7 24 21 1 43 7
NAV_TIMEUTC 75780000 30 470312 2016 7 24 21 2 43 7
NAV_TIMEUTC 75840000 30 468938 2016 7 24 21 3 43 7
NAV_TIMEUTC 75900000 32 467555 2016 7 24 21 4 43 7
NAV_TIMEUTC 75960000 34 466165 2016 7 24 21 5 43 7
NAV_TIMEUTC 76020000 37 464774 2016 7 24 21 6 43 7
NAV_TIMEUTC 76080000 37 463387 2016 7 24 21 7 43 7
NAV_TIMEUTC 76140000 42 462006 2016 7 24 21 8 43 7
NAV_TIMEUTC 76200000 34 460629 2016 7 24 21 9 43 7
NAV_TIMEUTC 76260000 39 459234 2016 7 24 21 10 43 7
NAV_TIMEUTC 76320000 35 457857 2016 7 24 21 11 43 7
NAV_TIMEUTC 76380000 49 456467 2016 7 24 21 12 43 7
NAV_TIMEUTC 76440000 41 455083 2016 7 24 21 13 43 7
NAV_TIMEUTC 76500000 52 453695 2016 7 24 21 14 43 7
NAV_TIMEUTC 76560000 40 452300 2016 7 24 21 15 43 7
NAV_TIMEUTC 76620000 47 450901 2016 7 24 21 16 43 7
NAV_TIMEUTC 76680000 38 449502 2016 7 24 21 17 43 7
NAV_TIMEUTC 76740000 42 448107 2016 7 24 21 18 43 7
NAV_TIMEUTC 76800000 38 446685 2016 7 24 21 19 43 7
NAV_TIMEUTC 76860000 38 445284 2016 7 24 21 20 43 7
NAV_TIMEUTC 76920000 42 443867 2016 7 24 21 21 43 7
NAV_TIMEUTC 76980000 42 442446 2016 7 24 21 22 43 7
NAV_TIMEUTC 77040000 38 441026 2016 7 24 21 23 43 7
NAV_TIMEUTC 77100000 39 439594 2016 7 24 21 24 43 7
NAV_TIMEUTC 77160000 40 438164 2016 7 24 21 25 43 7
NAV_TIMEUTC 77220000 32 436514 2016 7 24 21 26 43 7
NAV_TIMEUTC 77280000 45 434803 2016 7 24 21 27 43 7
NAV_TIMEUTC 77340000 51 433025 2016 7 24 21 28 43 7
NAV_TIMEUTC 77400000 116 432353 2016 7 24 21 29 43 7
NAV_TIMEUTC 77460000 73 430979 2016 7 24 21 30 43 7
NAV_TIMEUTC 77520000 64 429537 2016 7 24 21 31 43 7
NAV_TIMEUTC 77580000 60 428091 2016 7 24 21 32 43 7
NAV_TIMEUTC 77640000 59 426633 2016 7 24 21 33 43 7
NAV_TIMEUTC 77700000 57 425175 2016 7 24 21 34 43 7
NAV_TIMEUTC 77760000 53 423713 2016 7 24 21 35 43 7
NAV_TIMEUTC 77820000 42 422251 2016 7 24 21 36 43 7
NAV_TIMEUTC 77880000 44 420780 2016 7 24 21 37 43 7
NAV_TIMEUTC 77940000 38 419316 2016 7 24 21 38 43 7
NAV_TIMEUTC 78000000 40 417847 2016 7 24 21 39 43 7
NAV_TIMEUTC 78060000 38 416368 2016 7 24 21 40 43 7
NAV_TIMEUTC 78120000 37 414899 2016 7 24 21 41 43 7
NAV_TIMEUTC 78180000 30 413418 2016 7 24 21 42 43 7
NAV_TIMEUTC 78240000 32 411934 2016 7 24 21 43 43 7
NAV_TIMEUTC 78300000 26 410455 2016 7 24 21 44 43 7
NAV_TIMEUTC 78360000 28 408970 2016 7 24 21 45 43 7
NAV_TIMEUTC 78420000 27 407476 2016 7 24 21 46 43 7
NAV_TIMEUTC 78480000 27 405983 2016 7 24 21 47 43 7
NAV_TIMEUTC 78540000 20 404487 2016 7 24 21 48 43 7
NAV_TIMEUTC 78600000 21 402978 2016 7 24 21 49 43 7
NAV_TIMEUTC 78660000 20 401463 2016 7 24 21 50 43 7
NAV_TIMEUTC 78720000 17 399959 2016 7 24 21 51 43 7
NAV_TIMEUTC 78780000 17 398445 2016 7 24 21 52 43 7
NAV_TIMEUTC 78840000 17 396931 2016 7 24 21 53 43 7
NAV_TIMEUTC 78900000 16 395409 2016 7 24 21 54 43 7
NAV_TIMEUTC 78960000 19 393894 2016 7 24 21 55 43 7
NAV_TIMEUTC 79020000 20 392368 2016 7 24 21 56 43 7
NAV_TIMEUTC 79080000 20 390847 2016 7 24 21 57 43 7
NAV_TIMEUTC 79260000 15 386256 2016 7 24 22 0 43 7
NAV_TIMEUTC 79320000 15 384717 2016 7 24 22 1 43 7
NAV_TIMEUTC 79380000 15 383170 2016 7 24 22 2 43 7
NAV_TIMEUTC 79440000 16 381621 2016 7 24 22 3 43 7
NAV_TIMEUTC 79500000 20 379883 2016 7 24 22 4 43 7
NAV_TIMEUTC 79560000 23 378189 2016 7 24 22 5 43 7
NAV_TIMEUTC 79620000 38 376545 2016 7 24 22 6 43 7
NAV_TIMEUTC 79680000 27 375435 2016 7 24 22 7 43 7
NAV_TIMEUTC 79740000 26 373883 2016 7 24 22 8 43 7
NAV_TIMEUTC 79800000 25 372331 2016 7 24 22 9 43 7
NAV_TIMEUTC 79860000 26 370770 2016 7 24 22 10 43 7
NAV_TIMEUTC 79920000 24 369206 2016 7 24 22 11 43 7
NAV_TIMEUTC 79980000 23 367636 2016 7 24 22 12 43 7
NAV_TIMEUTC 80040000 20 366075 2016 7 24 22 13 43 7
NAV_TIMEUTC 80100000 20 364511 2016 7 24 22 14 43 7
NAV_TIMEUTC 80160000 19 362938 2016 7 24 22 15 43 7
NAV_TIMEUTC 80220000 19 361364 2016 7 24 22 16 43 7
NAV_TIMEUTC 80280000 19 359785 2016 7 24 22 17 43 7
NAV_TIMEUTC 80340000 19 358218 2016 7 24 22 18 43 7
NAV_TIMEUTC 80400000 19 356645 2016 7 24 22 19 43 7
NAV_TIMEUTC 80460000 17 355070 2016 7 24 22 20 43 7
NAV_TIMEUTC 80520000 18 353483 2016 7 24 22 21 43 7
NAV_TIMEUTC 80580000 17 351894 2016 7 24 22 22 43 7
NAV_TIMEUTC 80640000 18 350308 2016 7 24 22 23 43 7
NAV_TIMEUTC 80700000 18 348724 2016 7 24 22 24 43 7
NAV_TIMEUTC 80760000 18 347131 2016 7 24 22 25 43 7
NAV_TIMEUTC 80820000 17 345539 2016 7 24 22 26 43 7
NAV_TIMEUTC 80880000 18 343950 2016 7 24 22 27 43 7
NAV_TIMEUTC 80940000 19 342348 2016 7 24 22 28 43 7
NAV_TIMEUTC 81000000 20 340759 2016 7 24 22 29 43 7
NAV_TIMEUTC 81060000 20 339151 2016 7 24 22 30 43 7
NAV_TIMEUTC 81120000 21 337558 2016 7 24 22 31 43 7
NAV_TIMEUTC 81180000 20 335938 2016 7 24 22 32 43 7
NAV_TIMEUTC 81240000 18 334336 2016 7 24 22 33 43 7
NAV_TIMEUTC 81300000 18 332729 2016 7 24 22 34 43 7
NAV_TIMEUTC 81360000 17 331119 2016 7 24 22 35 43 7
NAV_TIMEUTC 81420000 17 329494 2016 7 24 22 36 43 7
NAV_TIMEUTC 81480000 19 327885 2016 7 24 22 37 43 7
NAV_TIMEUTC 81540000 18 326276 2016 7 24 22 38 43 7
NAV_TIMEUTC 81600000 19 324665 2016 7 24 22 39 43 7
NAV_TIMEUTC 81660000 19 323054 2016 7 24 22 40 43 7
NAV_TIMEUTC 81720000 18 321435 2016 7 24 22 41 43 7
NAV_TIMEUTC 81780000 19 319816 2016 7 24 22 42 43 7
NAV_TIMEUTC 81840000 23 318191 2016 7 24 22 43 43 7
NAV_TIMEUTC 81900000 20 316558 2016 7 24 22 44 43 7
NAV_TIMEUTC 81960000 22 314918 2016 7 24 22 45 43 7
NAV_TIMEUTC 82020000 25 313290 2016 7 24 22 46 43 7
NAV_TIMEUTC 82080000 21 311652 2016 7 24 22 47 43 7
NAV_TIMEUTC 82140000 20 309998 2016 7 24 22 48 43 7
NAV_TIMEUTC 82200000 20 308342 2016 7 24 22 49 43 7
NAV_TIMEUTC 82260000 20 306690 2016 7 24 22 50 43 7
NAV_TIMEUTC 82320000 20 305041 2016 7 24 22 51 43 7
NAV_TIMEUTC 82380000 18 303370 2016 7 24 22 52 43 7
NAV_TIMEUTC 82440000 19 301704 2016 7 24 22 53 43 7
NAV_TIMEUTC 82500000 18 300039 2016 7 24 22 54 43 7
NAV_TIMEUTC 82560000 18 298366 2016 7 24 22 55 43 7
NAV_TIMEUTC 82620000 19 296698 2016 7 24 22 56 43 7
NAV_TIMEUTC 82680000 17 295023 2016 7 24 22 57 43 7
NAV_TIMEUTC 82860000 18 289998 2016 7 24 23 0 43 7
NAV_TIMEUTC 82920000 19 288312 2016 7 24 23 1 43 7
NAV_TIMEUTC 82980000 20 286619 2016 7 24 23 2 43 7
NAV_TIMEUTC 83040000 21 284930 2016 7 24 23 3 43 7
NAV_TIMEUTC 83100000 19 283236 2016 7 24 23 4 43 7
NAV_TIMEUTC 83160000 19 281531 2016 7 24 23 5 43 7
NAV_TIMEUTC 83220000 20 279840 2016 7 24 23 6 43 7
NAV_TIMEUTC 83280000 20 278138 2016 7 24 23 7 43 7
NAV_TIMEUTC 83340000 21 276430 2016 7 24 23 8 43 7
NAV_TIMEUTC 83400000 24 274724 2016 7 24 23 9 43 7
NAV_TIMEUTC 83460000 22 273025 2016 7 24 23 10 43 7
NAV_TIMEUTC 83520000 23 271329 2016 7 24 23 11 43 7
NAV_TIMEUTC 83580000 24 269624 2016 7 24 23 12 43 7
NAV_TIMEUTC 83640000 24 267917 2016 7 24 23 13 43 7
NAV_TIMEUTC 83700000 24 266216 2016 7 24 23 14 43 7
NAV_TIMEUTC 83760000 23 264508 2016 7 24 23 15 43 7
NAV_TIMEUTC 83820000 22 262801 2016 7 24 23 16 43 7
NAV_TIMEUTC 83880000 22 261083 2016 7 24 23 17 43 7
NAV_TIMEUTC 83940000 22 259368 2016 7 24 23 18 43 7
NAV_TIMEUTC 84000000 22 257665 2016 7 24 23 19 43 7
NAV_TIMEUTC 84060000 23 255947 2016 7 24 23 20 43 7
NAV_TIMEUTC 84120000 24 254222 2016 7 24 23 21 43 7
NAV_TIMEUTC 84180000 23 252494 2016 7 24 23 22 43 7
NAV_TIMEUTC 84240000 30 250750 2016 7 24 23 23 43 7
NAV_TIMEUTC 84300000 30 249017 2016 7 24 23 24 43 7
NAV_TIMEUTC 84360000 28 247268 2016 7 24 23 25 43 7
NAV_TIMEUTC 84420000 27 245510 2016 7 24 23 26 43 7
NAV_TIMEUTC 84480000 26 243756 2016 7 24 23 27 43 7
NAV_TIMEUTC 84540000 24 242000 2016 7 24 23 28 43 7
NAV_TIMEUTC 84600000 22 240233 2016 7 24 23 29 43 7
NAV_TIMEUTC 84660000 25 238454 2016 7 24 23 30 43 7
NAV_TIMEUTC 84720000 23 236667 2016 7 24 23 31 43 7
NAV_TIMEUTC 84780000 23 234879 2016 7 24 23 32 43 7
NAV_TIMEUTC 84840000 25 233097 2016 7 24 23 33 43 7
NAV_TIMEUTC 84900000 24 231305 2016 7 24 23 34 43 7
NAV_TIMEUTC 84960000 25 229501 2016 7 24 23 35 43 7
NAV_TIMEUTC 85020000 24 227696 2016 7 24 23 36 43 7
NAV_TIMEUTC 85080000 25 225890 2016 7 24 23 37 43 7
NAV_TIMEUTC 85140000 24 224067 2016 7 24 23 38 43 7
NAV_TIMEUTC 85200000 23 222250 2016 7 24 23 39 43 7
NAV_TIMEUTC 85260000 23 220426 2016 7 24 23 40 43 7
NAV_TIMEUTC 85320000 21 218603 2016 7 24 23 41 43 7
NAV_TIMEUTC 85380000 21 216770 2016 7 24 23 42 43 7
NAV_TIMEUTC 85440000 24 214938 2016 7 24 23 43 43 7
NAV_TIMEUTC 85500000 24 213086 2016 7 24 23 44 43 7
NAV_TIMEUTC 85560000 24 211249 2016 7 24 23 45 43 7
NAV_TIMEUTC 85620000 22 209417 2016 7 24 23 46 43 7
NAV_TIMEUTC 85680000 22 207572 2016 7 24 23 47 43 7
NAV_TIMEUTC 85740000 22 205720 2016 7 24 23 48 43 7
NAV_TIMEUTC 85800000 23 203867 2016 7 24 23 49 43 7
NAV_TIMEUTC 85860000 26 202010 2016 7 24 23 50 43 7
NAV_TIMEUTC 85920000 28 200148 2016 7 24 23 51 43 7
NAV_TIMEUTC 85980000 27 198296 2016 7 24 23 52 43 7
NAV_TIMEUTC 86040000 27 196440 2016 7 24 23 53 43 7
NAV_TIMEUTC 86100000 24 194558 2016 7 24 23 54 43 7
NAV_TIMEUTC 86160000 20 192680 2016 7 24 23 55 43 7
NAV_TIMEUTC 86220000 19 190806 2016 7 24 23 56 43 7
NAV_TIMEUTC 86280000 27 188928 2016 7 24 23 57 43 7
