4212929.310338 173609.093188 4769716.816331 6924 9398
4212925.116072 173608.986637 4769712.645595 6105 6831
4212925.374556 173609.063577 4769712.050058 5884 5897
4212933.575626 173613.378872 4769708.421071 8626 7340
4212930.888874 173609.040390 4769711.227943 7842 7074
4212928.677054 173606.658594 4769711.717518 7055 6412
4212931.143473 173606.797058 4769713.047292 6645 6124
4212931.807559 173607.038021 4769713.645686 6196 5779
4212930.335239 173607.043639 4769713.420104 5666 5406
4212929.491348 173607.907446 4769712.652065 5351 5233
4212932.959732 173607.019211 4769716.489530 5808 5937
4212933.985787 173606.788971 4769717.865342 5973 6384
4212928.525526 173608.898807 4769711.666997 4457 4759
4212931.861423 173611.069136 4769714.755548 7222 6388
4212932.840315 173611.470382 4769713.444369 7554 6705
4212930.519272 173610.424592 4769713.670061 6452 6166
4212943.444867 173611.995772 4769722.771408 6662 8388
4212926.881137 173611.055404 4769708.767819 6190 6057
4212927.855491 173610.594707 4769710.040288 5609 5410
4212928.448674 173611.075809 4769710.198476 5252 5049
4212930.997153 173610.790461 4769715.309635 6841 6433
4212944.047139 173607.041540 4769729.898617 7952 11953
4212935.838969 173607.285168 4769721.463569 7750 13350
4212936.597637 173608.016149 4769723.237513 6782 13368
4212922.780520 173609.671127 4769710.374095 5671 7220
4212924.823982 173610.499244 4769713.041471 5423 6297
4212931.155289 173608.874598 4769719.866058 5279 7191
4212931.832642 173608.526874 4769720.620485 5184 8023
4212932.252020 173608.161153 4769720.288389 4845 8156
4212930.080899 173608.800862 4769717.156939 4486 6690
4212932.099782 173611.322018 4769718.038643 6961 7319
4212933.664920 173607.350254 4769718.638926 8598 9483
4212941.621117 173605.785192 4769726.624180 8855 12902
4212940.515830 173605.717549 4769725.919532 8311 13975
4212939.580993 173605.575910 4769726.635709 7188 14216
4212938.389447 173606.071853 4769724.932363 6670 14371
4212923.821588 173608.727061 4769708.076199 5765 8722
4212930.643704 173607.844452 4769714.364826 5853 9390
4212931.275180 173607.826281 4769713.228561 6191 10419
4212926.750471 173608.383734 4769706.606217 6435 9649
4212927.021821 173608.660071 4769705.478489 6929 9614
4212931.599801 173609.224361 4769709.635380 13865 14943
4212933.397725 173606.440659 4769728.472098 13441 13523
4212935.378645 173608.002743 4769734.524110 12063 12261
4212938.296593 173605.441963 4769730.729808 9553 10297
4212936.368474 173604.765909 4769726.751355 8195 9584
4212935.323377 173605.960238 4769722.702428 7546 9317
4212940.302785 173607.940503 4769726.590343 7459 10687
4212930.510427 173609.614030 4769713.824238 7548 9709
4212933.188765 173607.919868 4769716.944054 16504 18060
4212933.816601 173609.065287 4769716.616639 17858 19934
4212934.391034 173609.523520 4769728.567114 13969 15469
4212937.549639 173605.764724 4769722.411805 10904 12100
4212933.418168 173604.077195 4769719.064243 9131 10643
4212932.582011 173608.926026 4769716.250270 7253 9515
4212928.325055 173610.127939 4769712.507764 6847 8841
4212930.736624 173610.205221 4769712.171126 6547 8651
4212928.879259 173611.159842 4769707.641786 6281 8136
4212927.234901 173610.790096 4769705.146660 6545 8402
4212930.920671 173609.527819 4769705.438640 6632 8327
4212935.850342 173608.272606 4769710.011508 9598 12304
4212938.435844 173604.121920 4769716.483557 9783 13779
4212934.566768 173606.761354 4769716.266680 8905 13068
4212931.823986 173607.333316 4769716.004080 8849 13272
4212928.408043 173610.065070 4769713.189135 9122 13446
4212923.504840 173610.592192 4769708.393131 8151 11870
4212921.109165 173608.291207 4769705.845815 7913 11646
4212928.507561 173607.476538 4769709.371990 7775 11645
4212933.461720 173608.174175 4769711.097990 9596 13333
4212938.561367 173609.157696 4769716.677111 10404 15196
4212936.205980 173609.075365 4769717.819022 9361 14248
4212936.682275 173608.645700 4769716.503741 8485 12962
4212938.254872 173609.903707 4769717.138628 7892 12210
4212938.008899 173609.967225 4769715.530256 7304 11413
4212941.278322 173608.326879 4769714.875699 7429 11752
4212942.051882 173609.632980 4769717.468836 7391 12605
4212945.982862 173609.470890 4769722.911659 7484 14590
4212929.558782 173610.605975 4769709.063176 7021 12485
4212939.425886 173609.031281 4769714.300931 7014 12477
4212936.149871 173609.625461 4769712.876450 7272 13121
4212933.910228 173609.584726 4769710.528395 7405 13365
4212933.304226 173609.714428 4769710.670780 7492 13660
4212932.243933 173609.523426 4769710.786828 7396 13677
4212931.610944 173609.703573 4769710.513229 7191 13382
4212936.470747 173611.030753 4769712.683855 9556 15730
4212932.599348 173608.101811 4769709.742553 11618 20176
4212937.239258 173609.132675 4769710.620982 9689 17278
4212949.094733 173607.131694 4769718.016939 9202 17021
4212942.463925 173606.755335 4769713.049916 9202 17261
4212937.805150 173608.898204 4769710.866249 9258 17972
4212934.423256 173609.620598 4769709.361013 8887 17650
4212934.449265 173608.848298 4769710.820693 8016 16081
4212931.893122 173608.197921 4769708.269315 7453 14846
4212929.085652 173609.570048 4769707.768378 8361 15423
4212923.133512 173602.784271 4769703.711233 10326 18545
4212928.279379 173609.242205 4769706.515356 8461 16222
4212927.673938 173609.821221 4769705.819893 7602 14766
4212930.298430 173610.467050 4769707.555568 6750 13363
4212928.843135 173611.077333 4769706.197931 6148 12397
4212928.458139 173610.236539 4769704.793467 5548 11172
4212926.233413 173609.150528 4769702.632474 773 1572
4212925.881163 173608.863491 4769702.353036 569 1155
4212925.899851 173608.746414 4769702.318249 475 966
4212925.895051 173608.665197 4769702.292126 437 888
4212925.948061 173608.564265 4769702.145463 602 1087
4212925.531530 173608.304041 4769701.810994 1005 1599
4212926.568535 173608.265755 4769702.382419 1878 2908
4212937.617544 173608.478008 4769713.380282 4917 10068
4212940.606196 173611.444231 4769717.408791 5549 11359
4212935.745414 173610.308511 4769713.712315 5146 10380
4212931.155339 173609.493297 4769709.732145 4930 10354
4212930.933314 173609.697745 4769708.612691 4629 10094
4212930.836393 173609.737944 4769709.094184 4349 9628
4212932.314974 173610.498591 4769711.638111 4140 9339
4212932.618835 173610.577402 4769712.341491 3949 8955
4212933.391852 173610.403025 4769713.297168 3781 8540
4212932.742610 173610.619330 4769712.838230 3712 8562
4212931.682362 173610.767140 4769712.026392 3575 8277
4212932.363969 173610.036588 4769711.891299 3664 8557
4212930.147879 173611.027984 4769710.174623 3500 8088
4212930.983929 173609.051673 4769708.606281 5767 11709
4212927.218535 173610.266476 4769706.687760 6537 14585
4212933.572968 173607.825218 4769713.904855 5990 12800
