507720000 23597584 487136860 133745 87508 4560 4045
507780000 23597679 487136788 136616 90379 3443 3282
507840000 23597709 487136907 136143 89906 3362 3484
507900000 23597390 487137020 134772 88535 3389 3463
507960000 23597677 487137235 138889 92652 3590 3630
508020000 23596982 487136920 145726 99489 5279 4252
508080000 23597140 487136723 138330 92094 3294 3197
508140000 23597401 487136899 138740 92503 3846 3880
508200000 23597501 487136650 138688 92451 3380 3498
508260000 23597354 487136456 140712 94476 4089 4041
508320000 23597212 487136784 139347 93110 4765 4690
508380000 23597628 487136672 134264 88027 4160 4689
508440000 23597446 487136608 141141 94904 4126 4567
508500000 23597557 487136566 134728 88492 4319 5710
508560000 23597718 487136598 132417 86180 4400 6216
508620000 23597456 487136686 134271 88034 3914 5492
508680000 23597507 487136527 133565 87329 4095 5862
508740000 23597636 487136569 134988 88751 3541 5150
508800000 23597568 487136509 132708 86471 3328 4817
508920000 23597374 487136688 134239 88002 3732 5319
508980000 23597690 487136515 133457 87220 3296 4667
509040000 23597698 487136651 130084 83848 3251 4790
509099999 23598081 487136651 139221 92984 3396 5589
509159999 23597867 487136572 135828 89592 3242 5005
509220000 23597750 487136625 135121 88884 3140 4931
509280000 23597667 487136573 136248 90011 3535 5516
509340000 23597495 487136628 133626 87390 3021 4504
509400000 23597614 487136546 129737 83500 3083 4729
509460000 23597888 487136643 135668 89431 3073 4954
509520000 23597674 487136644 136184 89947 3144 4746
509580000 23597805 487136532 131790 85553 3194 4979
509640000 23597869 487136595 137176 90939 2934 4324
509700000 23597520 487136384 133674 87437 3609 5874
509760000 23597761 487136427 134248 88011 3544 5430
509820000 23598095 487136624 139095 92858 3371 5154
509880000 23597600 487136411 132417 86180 3683 5760
509940000 23598085 487136700 139008 92771 3183 4593
510000000 23597550 487136375 133857 87620 3138 4499
510060000 23597568 487136321 132696 86459 3436 4876
510120000 23597517 487136533 137590 91353 2877 3932
510180000 23597588 487136444 133216 86979 3275 4959
510240000 23597794 487136487 133309 87072 3352 4776
510300000 23597881 487136680 139728 93491 2640 4079
510360000 23597602 487136330 134060 87823 2572 3876
510420000 23597887 487136441 133325 87088 2632 3934
510480000 23598072 487136790 139308 93071 3019 4817
510540000 23597866 487136768 137150 90913 2902 4337
510600000 23597628 487136644 135795 89558 2675 4280
510660000 23597817 487136696 137684 91447 2463 4174
510720000 23597753 487136583 129149 82912 2697 4695
510779999 23598077 487136690 132239 86002 3037 4802
510839999 23597635 487136556 132462 86225 2545 4508
510900000 23597561 487136618 137463 91226 2596 4839
510960000 23597522 487136659 138864 92627 3099 5591
511020000 23597743 487136525 132330 86093 3029 5334
511080000 23597726 487136550 129597 83360 2811 5425
511140000 23597789 487136587 128938 82701 2846 5650
511200000 23597705 487136621 127902 81665 3613 9237
511260000 23597832 487136623 133449 87212 3080 6732
